34
30
42
29
80
68
86
15
6
62
69
61
82
45
44
60
60
99
62
25
27
25
78
31
52
20
7
3
15
89
62
17
94
51
32
12
78
35
89
17
50
76
54
95
73
50
95
2
28
44
17
41
7
40
24
15
21
7
75
63
86
59
95
88
20
98
27
65
66
96
39
65
47
78
32
58
75
86
11
12
86
9
95
53
5
4
85
85
100
33
81
100
9
99
59
83
77
33
50
98
24
89
27
36
11
14
45
58
2
65
20
46
98
91
55
23
12
64
99
28
71
8
60
11
99
73
53
5
82
97
77
35
81
60
35
20
34
33
7
43
72
33
89
90
88
32
56
36
14
85
9
69
67
49
31
37
48
29
47
45
99
11
67
43
93
24
81
66
57
92
14
69
30
39
2
87
49
34
20
21
58
19
3
100
70
9
28
64
7
73
37
10
71
88
43
53
28
16
57
32
50
41
6
59
88
61
3
97
43
5
36
47
34
53
79
95
91
47
3
45
27
16
53
76
69
96
52
35
27
32
79
83
12
63
85
89
77
7
37
95
6
47
90
87
76
91
33
99
24
52
22
48
21
88
90
22
8
3
89
97
44
93
92
61
99
94
5
79
40
1
95
84
18
22
95
40
91
36
38
65
16
47
69
5
96
64
75
70
25
2
2
44
83
89
5
71
98
49
92
83
49
3
36
21
17
70
4
13
57
83
65
20
62
37
21
14
91
51
89
85
42
74
41
84
33
93
27
80
97
65
11
19
25
76
31
22
90
75
38
73
43
84
87
41
14
21
42
17
14
83
39
100
7
40
19
97
53
65
33
29
25
68
12
67
69
11
87
45
5
99
18
64
58
54
40
6
21
50
8
41
29
73
25
58
5
15
84
14
87
94
73
38
44
66
6
42
94
92
60
39
97
3
45
38
72
78
41
68
41
80
71
3
74
89
57
31
34
41
49
55
36
75
27
76
85
100
65
68
38
61
32
52
32
12
94
75
79
77
99
63
20
44
12
75
35
27
16
70
7
83
50
96
6
90
76
41
23
12
62
42
15
9
93
83
35
97
29
44
40
47
77
12
82
5
55
79
80
12
82
79
53
89
80
13
4
58
35
56
57
81
23
86
10
45
46
87
61
23
74
53
35
5
97
12
17
63
19
19
61
49
35
98
90
2
46
90
50
95
12
41
9
89
62
61
28
24
8
75
47
13
29
85
4
59
49
92
68
12
86
67
36
88
62
21
92
89
25
87
63
70
19
86
31
25
33
95
81
95
43
31
17
9
72
100
98
85
55
99
100
58
55
98
85
13
57
11
35
11
60
26
49
44
68
44
86
80
25
30
45
27
57
27
97
92
62
23
30
72
21
77
73
18
91
26
70
21
96
63
19
24
2
91
69
53
71
68
45
96
43
50
27
28
2
60
69
60
23
78
19
23
12
64
83
83
88
38
42
37
18
26
8
21
90
8
77
76
75
23
53
68
16
22
87
80
80
86
9
67
36
91
37
52
55
83
86
4
47
31
9
91
82
36
55
55
83
86
75
47
22
87
92
86
15
7
5
97
67
56
61
94
44
25
96
14
79
20
46
90
65
80
83
29
7
44
7
49
5
52
87
1
78
7
65
12
73
19
35
12
38
95
25
99
7
39
25
96
80
46
7
71
73
86
68
78
19
3
67
84
15
40
64
33
21
74
99
5
22
11
52
56
74
98
34
47
85
36
57
8
61
65
6
82
94
97
86
41
6
42
78
58
33
18
93
84
12
30
60
47
95
59
91
46
43
9
17
12
3
64
1
1
27
89
38
82
60
52
59
69
64
91
74
95
5
79
14
56
10
39
87
51
49
37
99
20
79
50
42
100
66
5
85
91
51
28
14
33
99
9
1
61
59
68
91
78
34
94
89
33
10
44
21
1
49
20
63
35
82
58
92
32
98
89
57
24
42
47
71
34
31
100
23
53
20
44
10
36
22
45
83
81
69
36
7
10
3
55
42
89
62
56
3
81
11
60
52
37
52
13
79
83
59
16
42
57
64
89
75
25
57
74
44
47
63
35
75
6
92
65
78
13
19
80
23
83
74
44
25
23
16
94
94
80
55
38
29
35
53
45
65
86
5
35
42
100
82
50
22
17
27
31
82
95
37
72
74
4
13
2
51
75
27
98
16
52
77
41
33
63
53
33
63
27
91
68
45
26
68
99
22
90
20
7
11
8
22
70
30
68
92
57
74
14
89
40
21
67
15
12
1
43
18
6
2
89
46
17
79
94
40
95
