6343028974000 0.70607877 3.8245933 8.727919
6343048482000 0.6472389 3.697107 8.727919
6343064874000 0.65704554 3.7657535 8.580818
6343083784000 0.5982056 3.8540134 8.414105
6343103568000 0.6766588 4.030533 8.4925585
6343122789000 0.49033248 3.9618864 8.512172
6343142133000 0.75511205 4.059953 8.737725
6343161570000 0.75511205 4.118793 9.022118
6343181152000 0.6374322 4.1874394 9.394771
6343200708000 0.49033248 4.0109196 9.228058
6343220307000 0.49033248 4.167826 8.982891
6343239941000 0.4314926 4.1384063 8.943665
6343259606000 0.12748645 3.8736267 8.904438
6343279300000 -0.02941995 3.8834333 8.737725
6343299011000 -0.00980665 3.8442068 8.914245
6343318740000 0.0588399 3.80498 8.933858
6343338488000 0.098066494 3.8147867 9.090764
6343358249000 0.1372931 3.89324 9.129991
6343378026000 0.22555295 3.8540134 9.198637
6343397812000 0.24516624 3.8442068 9.031924
6343417608000 0.2157463 3.8834333 8.884825
6343437417000 0.2157463 3.9324665 8.776952
6343457232000 0.26477954 3.9815 9.041731
6343477054000 0.3138128 3.80498 8.943665
6343496885000 0.3138128 3.8442068 8.933858
6343516722000 0.55897903 4.148213 8.894631
6343536564000 0.36284605 3.7069137 8.825985
6343556413000 0.1372931 3.5794272 8.580818
6343576267000 0.34323275 3.697107 8.649466
6343596126000 0.49033248 3.9324665 8.463139
6343615990000 0.28439283 3.7951734 8.835792
6343635852000 0.049033247 3.6088471 9.149604
6343655602000 -0.00980665 3.6480737 9.316318
6343675358000 0.5099458 4.030533 9.375157
6343695121000 0.69627213 4.1580195 9.502644
6343714891000 0.6374322 4.1580195 9.041731
6343734667000 0.60801226 4.275699 8.953471
6343754449000 0.5491724 4.1089864 8.610238
6343774236000 0.3334261 4.0109196 8.531785
6343794029000 0.32361946 4.001113 8.845598
6343813827000 0.34323275 4.0795665 9.384964
6343833631000 0.28439283 4.1089864 9.433997
6343853438000 0.24516624 3.80498 9.208445
6343873251000 0.10787315 3.7363336 8.639658
6343893067000 0.2745862 3.8834333 8.776952
6343912888000 0.49033248 3.9618864 8.718112
6343932712000 0.5393657 3.8736267 8.600431
6343952540000 0.588399 3.7657535 8.551398
6343972372000 0.5982056 3.7167203 8.894631
6343992208000 0.56878567 3.726527 8.806372
6344012046000 0.44129923 3.80498 8.737725
6344031888000 0.2353596 3.5892339 8.345459
6344051732000 0.1372931 3.5107806 8.453332
6344071580000 0.5491724 3.8245933 8.561205
6344091430000 0.6276256 3.9422731 8.521978
6344111283000 0.61781895 3.7167203 8.149326
6344131140000 1.0296983 3.7755601 8.884825
6344150999000 1.0198916 4.0501466 9.041731
6344170859000 0.4118793 3.5696206 8.13952
6344190722000 1.2650578 3.7657535 7.5118937
6344210532000 1.372931 3.4519408 9.68897
6344230334000 1.6377105 3.0106416 11.307067
6344250140000 2.5791488 3.3931007 11.473781
6344269947000 2.520309 3.5696206 9.610517
6344289758000 0.93163174 3.2558076 8.365072
6344309572000 0.8629852 3.1381278 10.012589
6344329389000 2.5497289 3.383294 8.688692
6344349209000 3.0400615 3.7755601 9.090764
6344369031000 2.520309 3.8540134 9.15941
6344388856000 2.4124358 4.020726 8.904438
6344408684000 2.2849493 4.275699 8.835792
6344428514000 2.0888164 4.0991797 8.776952
6344448346000 1.9809432 3.8344 8.943665
6344468181000 1.8730701 3.8147867 8.806372
6344488017000 1.5788707 3.7657535 8.855405
6344507856000 1.5494506 3.7461402 8.845598
6344527697000 1.6573238 3.6480737 8.786758
6344547540000 1.706357 3.5402005 8.757339
6344567385000 1.735777 3.5303938 8.894631
6344587232000 1.4709975 3.5303938 8.659272
6344607081000 1.2356379 3.412714 8.610238
6344626932000 1.1571847 3.412714 8.610238
6344646785000 1.2944778 3.5892339 8.904438
6344666639000 1.1866046 3.7657535 9.090764
6344686495000 1.1571847 3.6284604 9.100571
6344706353000 1.176798 3.5303938 8.8652115
6344726212000 1.4415776 3.726527 8.924051
6344746073000 1.5886773 3.8442068 8.551398
6344765906000 1.539644 3.9618864 8.482752
6344785726000 1.3827376 4.001113 8.502365
6344805547000 1.2062179 3.8834333 8.825985
6344825370000 1.1277647 3.7657535 8.835792
6344845195000 1.1866046 3.8540134 8.757339
6344865022000 1.1669914 3.9618864 8.600431
6344884851000 1.2062179 3.9128532 8.737725
6344904682000 1.147378 3.7559469 9.031924
6344924514000 1.0296983 3.6873002 9.247671
6344944348000 1.0885382 3.6480737 9.4241905
6344964184000 1.2062179 3.6480737 9.306511
6344984022000 1.3042845 3.8540134 8.727919
6345003861000 1.343511 3.9128532 8.571012
6345023702000 1.3042845 3.7951734 8.629851
6345043544000 1.2650578 3.7559469 8.943665
6345063388000 1.1375713 3.6480737 8.973084
6345083233000 0.89240515 3.5696206 8.816178
6345103080000 1.0198916 3.6578803 9.071151
6345122928000 1.1866046 3.697107 9.2378645
6345142778000 1.3140911 3.9226599 9.022118
6345162629000 1.343511 3.8245933 8.943665
6345182482000 1.0689248 3.6774936 8.639658
6345202335000 1.1375713 3.8147867 8.796565
6345222191000 1.2552512 3.8736267 9.139797
6345242047000 0.37265268 3.8147867 9.5320635
6345261899000 1.0296983 3.7559469 10.100849
6345281744000 2.0201697 3.4323275 9.885103
6345301563000 1.735777 3.4029074 8.423912
6345321370000 0.9610517 4.1089864 7.9041595
6345341202000 1.3140911 4.403186 9.326124
6345361037000 1.5886773 4.2462792 9.934136
6345380869000 1.372931 3.7363336 9.129991
6345400701000 1.2062179 4.1285996 9.18883
6345420535000 1.4023509 4.2070527 9.384964
6345440371000 1.176798 3.971693 8.8652115
6345460207000 0.8727918 3.7755601 8.061066
6345480045000 1.0689248 4.275699 7.963
6345499884000 1.5494506 4.628739 8.512172
6345519725000 1.4023509 4.4129925 8.698499
6345539567000 0.588399 3.8147867 8.208166
6345559410000 0.0392266 3.4911673 8.365072
6345579254000 0.74530536 3.86382 8.433719
6345599100000 1.5004175 4.726805 8.757339
6345618947000 1.1179581 4.4620256 8.649466
6345638795000 0.5099458 3.86382 9.061344
6345658644000 -0.10787315 3.4225209 9.267284
6345678494000 0.00980665 3.5892339 9.022118
6345698345000 1.0689248 4.324733 8.786758
6345718199000 1.4906107 4.883712 8.816178
6345738052000 0.74530536 4.5208654 8.561205
6345757907000 0.2157463 3.8540134 9.061344
6345777762000 0.1176798 3.6186538 9.110377
6345797619000 0.57859236 4.089373 9.581097
6345817476000 0.951245 4.3541527 9.110377
6345837335000 0.5393657 4.089373 8.747532
6345857194000 -0.049033247 3.6774936 8.561205
6345877048000 -0.0392266 3.7363336 8.453332
6345896882000 0.55897903 4.0991797 8.414105
6345916717000 0.56878567 3.9226599 8.8652115
6345936554000 0.37265268 3.8736267 8.521978
6345956391000 0.4511059 3.9422731 8.678885
6345976230000 0.5393657 3.9422731 8.649466
6345996069000 0.79433864 4.177633 8.943665
6346015910000 1.0591182 4.256086 9.15941
6346035752000 0.588399 3.9226599 8.924051
6346055594000 0.36284605 3.8736267 8.884825
6346075438000 0.60801226 3.971693 9.139797
6346095283000 0.92182505 4.1285996 9.208445
6346115129000 1.1375713 4.1874394 9.218251
6346134975000 0.6766588 3.9226599 8.767145
6346154824000 0.7354987 4.0403395 8.875018
6346174672000 0.7256921 4.167826 9.061344
6346194522000 0.9414384 4.4424124 8.649466
6346214372000 1.1277647 4.4914455 8.600431
6346234224000 1.0493115 4.452219 8.551398
6346254076000 0.89240515 4.1874394 9.149604
6346273928000 0.70607877 4.0501466 9.375157
6346293766000 1.0493115 4.2953124 8.973084
6346313618000 1.1669914 4.452219 8.600431
6346333475000 1.2160245 4.501252 8.345459
6346353331000 0.7747253 4.1384063 8.453332
6346373189000 0.5295591 4.0109196 8.571012
6346393048000 0.69627213 4.089373 8.571012
6346412907000 0.8727918 4.275699 8.580818
6346432766000 0.79433864 4.197246 8.698499
6346452604000 0.84337187 4.197246 8.816178
6346472442000 0.93163174 4.324733 9.041731
6346492282000 0.92182505 4.2364726 9.002504
6346512123000 0.92182505 4.1874394 8.845598
6346531964000 0.9120184 4.275699 8.620045
6346551806000 1.0100849 4.324733 8.521978
6346571649000 1.0296983 4.3541527 8.355266
6346591493000 0.79433864 4.1089864 8.649466
6346611338000 0.69627213 4.177633 8.669079
6346631184000 0.9120184 4.118793 9.090764
6346651031000 0.92182505 4.089373 8.757339
6346670878000 1.0885382 4.3149257 8.806372
6346690727000 1.2258313 4.4326057 8.708305
6346710576000 1.0493115 4.285506 8.924051
6346730426000 1.0689248 4.197246 8.982891
6346750277000 1.0296983 4.197246 9.061344
6346770128000 1.0002782 4.1580195 8.688692
6346789980000 1.0787314 4.197246 8.669079
6346809833000 1.176798 4.3541527 8.365072
6346829687000 1.2944778 4.452219 8.620045
6346849541000 0.8237586 4.1089864 8.825985
6346869397000 0.79433864 4.0109196 9.002504
6346889236000 0.8629852 4.06976 8.806372
6346909085000 1.1669914 4.2953124 8.718112
6346928943000 1.3140911 4.393379 8.629851
6346948801000 1.0198916 4.177633 8.884825
6346968646000 0.71588546 3.9520798 8.924051
6346988500000 0.7649187 3.9618864 8.875018
6347008344000 0.97085834 4.0501466 8.600431
6347028185000 0.9610517 4.2070527 8.639658
6347048027000 0.89240515 4.1580195 9.15941
6347067870000 1.1277647 4.285506 8.737725
6347087713000 1.4415776 4.452219 8.463139
6347107558000 1.3631244 4.4129925 8.688692
6347127403000 1.0296983 4.2168593 8.620045
6347147249000 1.0002782 4.167826 8.727919
6347167096000 0.97085834 4.197246 8.472945
6347186943000 1.0885382 4.2070527 8.433719
6347206791000 1.1964113 4.393379 8.296426
6347226640000 1.1964113 4.501252 8.453332
6347246489000 0.8629852 4.020726 8.875018
6347266340000 0.51975244 3.9226599 8.884825
6347286193000 0.3138128 3.80498 8.649466
6347306047000 0.1372931 3.8442068 8.816178
6347325899000 0.3334261 3.9324665 9.345737
6347345752000 -0.39226598 3.6873002 9.149604
6347365605000 -0.78453195 3.6873002 8.943665
6347385459000 -0.4118793 3.6088471 9.110377
6347405314000 0.2353596 3.0400615 8.884825
6347425170000 -0.7747253 2.775282 9.522257
6347445026000 0.34323275 2.5595355 9.68897
6347464882000 -0.5393657 2.441856 9.296704
6347484740000 -0.20593965 1.6965504 9.316318
6347504598000 0.18632634 1.5886773 9.208445
6347524455000 0.5393657 2.0201697 8.620045
6347544306000 0.6668522 2.0692031 8.678885
6347564148000 0.57859236 1.9122967 9.77723
6347583992000 0.70607877 2.0495899 10.826541
6347603835000 1.2356379 2.6281822 10.149882
6347623680000 1.1081514 3.4519408 9.071151
6347643525000 0.8727918 3.1479347 8.482752
6347663371000 0.7354987 2.745862 9.012311
6347683217000 0.51975244 2.883155 10.159689
6347703065000 0.8041453 3.3440676 9.522257
6347722912000 0.7747253 3.6284604 8.188553
6347742761000 1.2258313 3.80498 7.864933
6347762610000 1.4219642 4.0501466 8.237586
6347782460000 1.2846711 4.1384063 9.57129
6347802310000 0.6374322 3.4911673 10.267562
6347822161000 0.1372931 2.9321883 9.92433
6347842013000 0.3138128 2.9714148 9.57129
6347861866000 0.97085834 3.6873002 9.061344
6347881719000 0.7747253 3.9815 8.453332
6347901572000 -0.17651969 3.6284604 8.433719
6347921426000 -0.5099458 3.3734875 8.404299
6347941280000 -0.22555295 3.5794272 7.9924197
6347961136000 0.5099458 3.9815 8.296426
6347980991000 1.0002782 4.511059 8.345459
6348000848000 0.8727918 4.3541527 8.531785
6348020704000 0.9610517 4.197246 9.080957
6348040562000 0.8041453 4.197246 9.747809
6348060420000 1.0296983 4.118793 10.326403
6348080272000 1.372931 4.2070527 10.287175
6348100115000 1.7553903 4.530672 9.767424
6348119959000 2.1084297 4.7169986 9.816457
6348139804000 1.9711366 4.6973853 10.591182
6348159649000 2.0495899 4.3345394 11.209001
6348179495000 2.4614692 4.118793 9.561483
6348199341000 2.7360554 4.001113 9.355544
6348219189000 3.0204482 3.6088471 10.561762
6348239036000 2.5399222 2.853735 12.179859
6348258885000 1.8044236 2.098623 13.415497
6348278734000 1.5592573 1.9809432 13.994089
6348298583000 1.9711366 2.5791488 12.444638
6348318433000 2.3339827 2.9027684 8.933858
6348338284000 2.0790098 3.0204482 6.3939357
6348358135000 1.5788707 2.7654753 6.03109
6348377986000 1.1571847 2.4516625 7.3255672
6348397839000 1.5102241 2.1672697 8.727919
6348417691000 2.2359161 2.657602 9.492837
6348437544000 2.3143694 3.3440676 9.77723
6348457398000 1.0493115 2.824315 9.698776
6348477253000 -0.1372931 1.9711366 9.15941
6348497107000 -0.14709975 2.098623 8.727919
6348516963000 0.56878567 2.4124358 7.5413136
6348536818000 1.0100849 2.7654753 6.4821954
6348556675000 1.1571847 3.1577413 5.5603704
6348576531000 1.2062179 3.3538742 5.325011
6348596389000 1.2454445 3.6284604 5.5897903
6348616247000 1.2846711 3.8834333 6.4233556
6348636102000 1.1081514 3.7559469 6.972528
6348655946000 0.79433864 3.7755601 7.080401
6348675792000 0.92182505 4.3835726 7.453054
6348695638000 0.88259846 4.834678 7.8453197
6348715484000 0.588399 4.864098 8.541592
6348735331000 0.1569064 4.785645 8.904438
6348755178000 0.17651969 4.8542914 9.218251
6348775027000 0.5393657 4.7758384 10.110656
6348794875000 0.69627213 5.0013914 12.346572
6348814724000 0.8531785 5.1779113 13.238977
6348834574000 1.2160245 5.2563643 11.571847
6348854425000 1.8926834 5.7172766 10.042009
6348874275000 1.6867437 5.79573 11.434553
6348894126000 0.7256921 4.4326057 13.778343
6348913978000 0.34323275 3.334261 15.769093
6348933830000 0.34323275 2.824315 15.42586
6348953683000 0.17651969 2.5693421 11.120741
6348973536000 0.36284605 2.7360554 8.041452
6348993389000 0.12748645 2.5889556 6.668522
6349013244000 -0.3138128 2.4516625 6.8058147
6349033098000 -0.5001391 1.9515233 8.100293
6349052953000 -0.4118793 1.8730701 9.2378645
6349072809000 0.42168593 2.5006957 9.375157
6349092665000 0.88259846 3.0596747 8.296426
6349112521000 0.69627213 3.049868 6.668522
6349132378000 0.2157463 2.9812214 5.67805
6349152235000 -0.19613299 2.7360554 6.099736
6349172093000 0.00980665 2.8733485 5.874183
6349191938000 0.55897903 3.1381278 6.0899296
6349211794000 0.40207264 3.1479347 6.560649
6349231641000 -0.10787315 3.2558076 6.688135
6349251487000 -0.28439283 3.1773546 6.746975
6349271335000 -0.3138128 3.1479347 7.227501
6349291183000 0.00980665 3.5205872 7.482474
6349311031000 0.12748645 3.971693 7.472667
6349330880000 0.088259846 4.0795665 7.384407
6349350729000 -0.34323275 4.2070527 7.943386
6349370579000 -0.2549729 4.6091256 9.041731
6349390429000 -0.19613299 5.1288776 9.522257
6349410280000 -0.2549729 5.3053975 10.591182
6349430131000 -0.49033248 5.207331 10.404856
6349449983000 -0.0588399 5.217138 10.659828
6349469835000 1.1179581 4.903325 10.355823
6349489687000 1.4513842 4.2658925 12.572125
6349509540000 1.4709975 3.89324 14.435389
6349529394000 1.4611908 3.4617474 15.749479
6349549248000 1.0591182 3.1381278 14.768814
6349569102000 0.8041453 3.550007 10.8657675
6349588957000 0.57859236 3.0400615 7.60996
6349608812000 0.10787315 2.6379888 6.364516
6349628668000 -0.2353596 1.8534569 9.002504
6349648524000 0.12748645 1.6573238 11.503201
6349668381000 1.0493115 1.8044236 11.866046
6349688238000 1.8926834 2.9027684 9.973363
6349708095000 2.1770763 3.8540134 7.4138274
6349727953000 1.93191 3.8344 5.933023
6349747802000 1.6769371 3.9324665 5.011198
6349767656000 1.1375713 3.8834333 4.589512
6349787505000 1.0198916 3.8834333 5.2465577
6349807353000 0.65704554 3.7951734 5.658437
6349827201000 0.51975244 3.7951734 5.88399
6349847050000 0.18632634 3.3931007 5.2563643
6349866899000 -0.088259846 3.1871612 5.315204
6349886748000 1.0493115 3.89324 6.462582
6349906598000 1.8436501 4.648352 7.3746004
6349926449000 1.5886773 4.677772 8.551398
6349946299000 1.0493115 4.6875787 9.090764
6349966151000 0.3138128 4.707192 9.002504
6349986003000 0.1569064 4.844485 9.384964
6350005855000 0.60801226 5.060231 9.80665
6350025707000 1.1571847 5.4819174 11.748366
6350045560000 1.1669914 5.991863 11.434553
6350065413000 1.2258313 5.423077 9.63013
6350085267000 1.2650578 4.864098 10.238142
6350105121000 1.176798 4.344346 12.366185
6350124976000 0.39226598 3.1479347 15.16108
6350144831000 -0.38245934 2.2457228 17.524483
6350164686000 -0.2353596 1.8534569 14.533455
6350184542000 0.5982056 2.5987623 11.081514
6350204398000 0.5982056 2.5399222 8.247393
6350224255000 -0.14709975 2.0397832 8.002226
6350244112000 -0.84337187 1.176798 9.375157
6350263969000 -0.46091253 1.2356379 10.218529
6350283820000 0.0784532 1.4611908 10.022396
6350303672000 0.24516624 1.6573238 8.845598
6350323523000 0.26477954 1.6573238 7.149048
6350343371000 0.098066494 1.8534569 5.9722495
6350363220000 0.0392266 2.0299766 5.3053975
6350383069000 -0.18632634 1.8534569 4.8052583
6350402918000 0.1372931 2.1966896 4.393379
6350422768000 0.97085834 2.991028 5.2759776
6350442618000 1.1964113 3.5402005 5.8447633
6350462468000 1.1277647 3.5696206 5.79573
6350482319000 0.6668522 3.6873002 5.9134097
6350502170000 0.7649187 3.8736267 7.100014
6350522022000 1.6082906 4.579705 9.15941
6350541874000 1.9809432 4.981778 10.806928
6350561726000 1.6671305 4.7758384 11.7973995
6350581579000 1.372931 4.6189322 11.817013
6350601432000 0.9120184 4.511059 12.366185
6350621286000 0.7256921 4.5404787 14.582488
6350641140000 2.128043 4.2168593 13.033037
6350660994000 3.3538742 4.6091256 13.395884
6350680849000 3.1283212 4.3345394 15.053207
6350700704000 1.5102241 2.912575 16.298653
6350720560000 0.93163174 2.2064962 11.365907
6350740415000 0.8531785 2.1182363 7.0607877
6350760272000 0.28439283 2.0593965 6.894075
6350780128000 0.3138128 1.4611908 10.149882
6350799981000 0.75511205 1.1866046 11.26784
6350819829000 1.3337044 1.6867437 10.610795
6350839677000 1.4513842 2.2751427 8.571012
6350859525000 1.0100849 2.2163029 6.8156214
6350879373000 0.46091253 2.2457228 5.5113373
6350899222000 0.32361946 2.3634026 4.481639
6350919071000 0.1569064 2.883155 4.3149257
6350938920000 -0.0588399 3.0204482 5.119071
6350958770000 -0.0196133 3.1577413 5.4524975
6350978620000 -0.7354987 3.246001 5.403464
6350998471000 -1.5494506 2.7654753 6.5018086
6351018322000 -1.7259704 2.5301156 7.0411744
6351038173000 -0.5001391 3.1773546 7.835513
6351058025000 0.42168593 3.8245933 8.0120325
6351077877000 0.1569064 4.0403395 9.228058
6351097730000 -0.37265268 4.285506 10.5715685
6351117582000 -0.51975244 4.628739 11.542427
6351137435000 -0.6766588 4.501252 12.258312
6351157289000 -0.4707192 4.6973853 12.091599
6351177143000 0.0784532 5.2857842 10.620602
6351196997000 1.2944778 6.050703 10.630408
6351216852000 1.99075 6.5018086 13.013424
6351236707000 1.6573238 5.9526362 16.151552
6351256562000 0.588399 4.324733 19.211227
6351276417000 -0.36284605 2.5987623 17.691196
6351296271000 -0.16671304 2.7654753 13.660663
6351316119000 0.2549729 2.7360554 10.120462
6351335974000 0.088259846 2.6477954 7.6197667
6351355829000 -0.39226598 2.490889 7.2078876
6351375684000 -0.60801226 1.99075 7.72764
6351395533000 -0.14709975 2.010363 8.904438
6351415388000 0.42168593 2.0397832 9.100571
6351435237000 0.57859236 2.0397832 7.247114
6351455086000 0.42168593 2.0692031 5.933023
6351474936000 0.049033247 1.9809432 5.2857842
6351494786000 -0.17651969 1.8338435 4.589512
6351514636000 -0.30400613 1.9613299 4.579705
6351534487000 -0.16671304 2.1574628 4.6875787
6351554338000 0.22555295 2.5006957 4.481639
6351574189000 0.93163174 3.167548 3.9128532
6351594041000 0.65704554 3.4519408 4.373766
6351613893000 0.14709975 3.4323275 5.0210047
6351633745000 0.0588399 3.4617474 5.236751
6351653598000 0.3334261 3.7853668 6.4527755
6351673451000 1.176798 4.3835726 9.4241905
6351693304000 1.5984839 4.9229383 10.787314
6351713158000 1.8338435 5.570177 10.806928
6351733012000 1.6082906 5.8643765 11.3561
6351752866000 1.5200307 5.2857842 12.4642515
6351772721000 1.8142302 5.236751 14.337322
6351792576000 2.8341217 5.7172766 15.984839
6351812431000 3.079288 5.7172766 16.200586
6351832287000 2.0888164 4.9229383 14.974754
6351852143000 1.5004175 4.6973853 11.169774
6351871999000 1.4709975 4.5208654 8.443525
6351891856000 1.4023509 4.285506 6.668522
6351911713000 1.735777 3.6873002 7.9728065
6351931570000 2.2359161 3.3636808 9.179024
6351951419000 2.324176 3.0204482 9.943943
6351971268000 2.0299766 3.2558076 8.786758
6351991118000 1.1081514 2.8047018 7.502087
6352010967000 0.32361946 2.6281822 6.0408964
6352030817000 0.0784532 2.7850885 4.726805
6352050668000 -0.2549729 2.9027684 4.3835726
6352070526000 -0.00980665 3.2852278 4.903325
6352090386000 0.4511059 3.9226599 5.6878567
6352110246000 0.098066494 4.001113 5.4524975
6352130106000 -0.57859236 3.4323275 5.6682434
6352149967000 -0.44129923 3.559814 6.3939357
6352169828000 0.26477954 4.1285996 7.5413136
6352189689000 0.32361946 4.4424124 8.914245
6352209551000 -0.06864655 4.7660317 10.042009
6352229413000 -0.42168593 4.991585 9.92433
6352249275000 -0.088259846 5.393657 8.806372
6352269138000 0.088259846 5.6878567 9.267284
6352289000000 0.0392266 5.658437 11.130548
6352308864000 0.49033248 6.158576 12.621159
6352328727000 1.0885382 6.4723887 11.522814
6352348591000 1.1571847 6.413549 11.248227
6352368455000 1.1081514 6.0605097 11.503201
6352388319000 0.88259846 5.315204 14.347129
6352408183000 0.2941995 4.2953124 16.641884
6352428048000 0.10787315 3.1283212 14.504035
6352447913000 0.9904716 3.5892339 10.071429
6352467770000 1.372931 3.697107 7.364794
6352487634000 0.97085834 3.5402005 6.0605097
6352507492000 0.38245934 2.775282 6.7567816
6352527349000 0.32361946 2.3045628 8.090487
6352547208000 0.7747253 2.353596 9.18883
6352567066000 0.7747253 2.3634026 9.247671
6352586925000 0.83356524 2.4222424 8.365072
6352606784000 0.4511059 2.0692031 6.639102
6352626644000 0.1176798 1.99075 5.5309505
6352646503000 -0.19613299 1.9122967 5.119071
6352666363000 -0.4118793 1.9711366 5.0308113
6352686223000 -0.088259846 2.3339827 4.677772
6352706084000 0.24516624 2.7948952 5.187718
6352725945000 0.56878567 3.1871612 5.315204
6352745806000 0.49033248 3.334261 6.207609
6352765667000 0.84337187 3.3146477 7.4432473
6352785529000 1.6671305 4.1285996 8.629851
6352805391000 2.0790098 4.7954516 9.875297
6352825253000 2.0201697 4.864098 10.689248
6352845116000 1.4317709 4.589512 10.296982
6352864978000 0.84337187 4.589512 10.424469
6352884841000 0.78453195 4.707192 10.904995
6352904705000 1.7848103 4.628739 10.532342
6352924568000 2.7556686 4.9719715 11.875853
6352944432000 2.8047018 4.8052583 15.210114
6352964297000 2.324176 4.3345394 17.00473
6352984161000 1.4317709 3.7069137 15.298373
6353004026000 1.3238977 3.9815 11.38552
6353023884000 1.3140911 3.80498 8.904438
6353043741000 1.4023509 3.8834333 7.1784678
6353063599000 1.8632635 3.6186538 7.5217004
6353083457000 2.3045628 3.5794272 7.4138274
6353103315000 2.4124358 3.4421341 7.864933
6353123173000 2.1966896 3.3146477 8.217973
6353143032000 1.5004175 2.9616082 7.7668667
6353162891000 0.57859236 2.657602 6.5312285
6353182750000 -0.0588399 2.7360554 5.8349566
6353202610000 -0.1372931 3.1969678 5.217138
6353222470000 -0.1569064 3.412714 4.8248715
6353242335000 -0.56878567 3.6284604 4.883712
6353262203000 -0.61781895 3.9324665 6.187996
6353282072000 -0.48052585 4.0991797 6.8058147
6353301940000 -0.34323275 4.285506 7.531507
6353321809000 0.0588399 4.5404787 7.9924197
6353341678000 0.28439283 4.7954516 9.012311
6353361548000 0.17651969 4.981778 9.708583
6353381417000 0.17651969 5.070038 10.444082
6353401287000 0.2745862 5.2563643 10.316595
6353421157000 0.46091253 5.315204 11.071708
6353441028000 0.9120184 5.5799837 11.571847
6353460899000 1.2552512 5.8937964 11.444361
6353480769000 1.8142302 6.2762556 12.415218
6353500640000 2.1672697 6.1683826 13.278204
6353520506000 1.3337044 4.981778 15.13166
6353540374000 0.34323275 3.6774936 16.27904
6353560240000 0.4511059 2.9616082 14.003896
6353580109000 1.1375713 3.4617474 10.738281
6353599975000 1.0885382 3.3636808 7.256921
6353619840000 0.65704554 3.1185145 6.354709
6353639706000 0.049033247 2.5693421 7.139241
6353659571000 -0.06864655 2.324176 8.620045
6353679437000 0.0784532 2.3143694 9.18883
6353699303000 0.34323275 2.441856 8.374879
6353719169000 0.48052585 2.6183755 6.7371683
6353739036000 0.4707192 2.5399222 6.3252892
6353758902000 0.1569064 2.3830159 5.79573
6353778769000 0.049033247 2.2751427 5.403464
6353798637000 0.18632634 2.4516625 4.864098
6353818504000 0.39226598 3.000835 5.0308113
6353838372000 0.7649187 3.304841 5.0504246
6353858240000 0.8629852 3.4519408 5.393657
6353878108000 1.1277647 3.697107 5.089651
6353897977000 1.5494506 4.0109196 5.70747
6353917845000 1.4709975 3.8540134 6.766588
6353937714000 1.2160245 4.030533 8.659272
6353957583000 1.2454445 4.1384063 10.993255
6353977453000 2.0005565 4.6385455 11.3561
6353997318000 2.775282 5.5015306 9.277091
6354017184000 2.3045628 5.76631 9.394771
6354037054000 2.2359161 5.0504246 9.963556
6354056924000 2.3732092 4.736612 12.415218
6354076795000 1.6671305 3.9913065 15.121854
6354096661000 1.1964113 3.412714 17.44603
6354116528000 1.5200307 3.4029074 14.974754
6354136395000 2.0299766 4.2462792 10.002783
6354156259000 1.5102241 4.1874394 7.149048
6354176124000 0.7256921 3.697107 7.482474
6354195988000 0.35303938 2.8635418 9.68897
6354215854000 0.83356524 2.6379888 10.267562
6354235719000 1.0002782 2.7948952 10.316595
6354255584000 1.2258313 3.2852278 9.080957
6354275450000 1.0493115 3.638267 7.4334407
6354295316000 0.40207264 3.3931007 6.1389627
6354315183000 -0.44129923 3.0890946 5.6192102
6354335049000 -0.70607877 3.1185145 5.629017
6354354917000 -0.78453195 3.3244543 5.933023
6354374784000 -0.48052585 3.5794272 6.1978025
6354394651000 -0.1176798 3.6578803 6.6587152
6354414519000 0.10787315 3.6873002 7.149048
6354434387000 0.00980665 3.7755601 7.78648
6354454254000 -0.02941995 4.0403395 8.580818
6354474123000 0.0588399 4.167826 9.561483
6354493991000 0.57859236 4.6973853 9.649743
6354513860000 1.0395049 5.315204 9.15941
6354533728000 0.8139519 5.374044 8.767145
6354553597000 0.24516624 5.236751 9.179024
6354573467000 0.0588399 5.0994577 10.287175
6354593336000 0.42168593 5.374044 11.6503
6354613206000 1.0983448 5.9232163 10.954028
6354633073000 1.343511 5.982056 9.198637
6354652936000 1.6475172 5.76631 9.012311
6354672800000 1.1081514 4.5698986 12.709418
6354692664000 -0.4314926 2.9616082 17.720615
6354712528000 -0.61781895 2.1378496 18.103075
6354732392000 0.89240515 2.853735 11.62088
6354752257000 1.8534569 3.6873002 7.2373075
6354772121000 0.9610517 3.6578803 5.6976633
6354791986000 -0.57859236 2.3634026 7.2961473
6354811851000 -0.7649187 1.7553903 9.041731
6354831717000 0.2941995 2.3830159 10.159689
6354851583000 1.3925443 3.1381278 9.83607
6354871449000 1.5200307 3.4225209 8.600431
6354891315000 0.55897903 2.8635418 6.9333014
6354911181000 -0.0784532 2.3830159 5.9428296
6354931048000 -0.34323275 2.3928225 5.629017
6354950914000 -0.16671304 2.5105023 5.5015306
6354970781000 0.1176798 2.853735 5.344624
6354990649000 0.3334261 3.3636808 5.344624
6355010516000 0.4707192 3.5696206 5.7172766
6355030384000 0.14709975 3.4813607 5.982056
6355050251000 -0.4707192 3.334261 6.746975
6355070119000 -0.6276256 3.500974 7.482474
6355089988000 -0.0196133 4.0795665 7.590347
6355109856000 0.79433864 4.844485 8.688692
6355129725000 0.83356524 5.1582975 9.0515375
6355149592000 0.6374322 4.932745 9.95375
6355169455000 0.35303938 4.9425516 10.267562
6355189323000 -0.22555295 4.932745 10.453889
6355209186000 0.0196133 5.119071 9.0515375
6355229049000 2.2555294 5.6094036 8.267006
6355248913000 2.657602 5.4132705 10.346016
6355268777000 1.5298374 4.0795665 14.719781
6355288641000 0.7747253 3.6480737 18.014816
6355308505000 1.0296983 3.6873002 16.210392
6355328370000 1.176798 4.020726 11.826819
6355348234000 1.1375713 4.1580195 9.061344
6355368099000 0.7354987 3.7167203 7.6491866
6355387964000 0.70607877 2.9223816 8.482752
6355407829000 1.2552512 3.167548 9.345737
6355427695000 1.4219642 3.2067745 9.934136
6355447560000 0.93163174 3.0989013 8.688692
6355467426000 0.39226598 3.167548 7.384407
6355487292000 -0.02941995 3.1381278 6.0899296
6355507159000 -0.60801226 3.167548 5.266171
6355527025000 -0.8041453 3.4029074 5.1386843
6355546892000 -0.38245934 3.9226599 5.4819174
6355566759000 0.06864655 4.373766 5.3348174
6355586626000 -0.34323275 4.2462792 5.599597
6355606494000 -1.176798 3.8736267 6.158576
6355626362000 -1.2258313 4.0501466 6.913688
6355646230000 -0.4314926 4.6189322 7.453054
6355666098000 -0.22555295 4.864098 7.8845463
6355685966000 -0.588399 4.7954516 8.355266
6355705834000 -0.8041453 4.991585 8.698499
6355725703000 -0.5982056 5.148491 8.825985
6355745571000 -0.2353596 5.4721107 9.54187
6355765434000 0.22555295 5.9526362 10.296982
6355785297000 0.34323275 6.3449025 11.012868
6355805160000 0.49033248 5.9526362 10.238142
6355825024000 0.9120184 5.6388235 10.473502
6355844888000 0.57859236 5.1681046 12.679998
6355864752000 -0.46091253 4.0991797 15.808319
6355884616000 -0.8727918 3.1381278 17.200863
6355904480000 -0.00980665 2.8733485 13.719503
6355924344000 0.7747253 3.5402005 10.463696
6355944209000 0.49033248 3.304841 8.16894
6355964074000 -0.24516624 2.687022 7.5413136
6355983939000 -0.65704554 2.1084297 8.414105
6356003804000 -0.1372931 2.2751427 9.551677
6356023670000 0.38245934 2.3928225 9.581097
6356043536000 0.40207264 2.5105023 7.943386
6356063402000 0.12748645 2.3045628 6.8744617
6356083268000 -0.10787315 2.1672697 5.658437
6356103134000 -0.1372931 2.1574628 4.6973853
6356123001000 -0.10787315 1.99075 3.7069137
6356142868000 0.14709975 2.3339827 3.5892339
6356162735000 0.6864655 2.883155 4.560092
6356182602000 0.44129923 2.9321883 5.6388235
6356202469000 -0.2157463 2.7850885 5.933023
6356222337000 -0.30400613 2.912575 7.0117545
6356242204000 -0.40207264 3.079288 7.6982203
6356262072000 -0.26477954 3.4029074 8.286619
6356281940000 -0.5001391 3.7755601 9.45361
6356301804000 -0.20593965 4.059953 11.826819
6356321666000 0.61781895 4.6679654 11.924886
6356341529000 0.3138128 5.0013914 10.934415
6356361392000 -0.3334261 4.8052583 12.130826
6356381255000 0.4314926 4.9523582 12.4642515
6356401118000 2.098623 5.5897903 12.336765
6356420982000 2.5595355 5.3544307 14.141189
6356440846000 1.5004175 4.2658925 15.170887
6356460710000 0.60801226 3.3440676 15.563153
6356480574000 0.5295591 3.079288 12.581932
6356500438000 0.6374322 3.2950344 9.816457
6356520303000 0.5001391 2.991028 8.208166
6356540168000 0.34323275 2.6183755 7.8845463
6356560033000 0.74530536 2.4712758 8.227779
6356579898000 1.1571847 2.5889556 8.149326
6356599763000 1.0689248 2.441856 7.2667274
6356619629000 0.7256921 2.6379888 6.6783285
6356639495000 0.46091253 3.000835 6.913688
6356659361000 0.16671304 3.108708 6.697942
6356679227000 -0.10787315 3.2361944 5.88399
6356699093000 -0.17651969 3.5205872 5.88399
6356718960000 -0.2353596 3.7461402 5.9526362
6356738826000 0.00980665 3.9128532 6.2566423
6356758693000 -0.2353596 3.6186538 6.6783285
6356778560000 -0.30400613 3.550007 7.5217004
6356798428000 -0.49033248 3.726527 8.276813
6356818291000 -0.8139519 3.6873002 9.345737
6356838153000 -0.6276256 3.7755601 9.463417
6356858016000 -0.0588399 4.324733 9.090764
6356877878000 0.40207264 4.962165 9.120184
6356897741000 0.1372931 5.0308113 9.796844
6356917603000 0.14709975 5.0308113 11.405133
6356937466000 0.4511059 5.423077 12.954584
6356957329000 0.88259846 5.423077 11.826819
6356977193000 1.3925443 5.6192102 11.003061
6356997056000 0.89240515 5.374044 12.474058
6357016920000 -0.0784532 3.971693 16.377106
6357036784000 -0.65704554 2.9223816 16.867437
6357056648000 0.28439283 2.8733485 11.76798
6357076513000 1.3042845 3.4617474 8.286619
6357096377000 0.78453195 3.2656143 6.9529147
6357116242000 0.088259846 2.3634026 8.669079
6357136107000 0.20593965 2.0888164 9.992976
6357155972000 0.70607877 2.128043 10.208722
6357175837000 0.83356524 2.2359161 8.953471
6357195702000 0.71588546 2.3437893 7.531507
6357215568000 0.35303938 2.0299766 6.109543
6357235434000 -0.26477954 1.8338435 5.70747
6357255300000 -0.46091253 1.8534569 5.746697
6357275166000 -0.36284605 2.1378496 5.089651
6357295033000 -0.2549729 2.520309 4.579705
6357314899000 -0.088259846 2.7948952 4.981778
6357334766000 0.0588399 3.304841 5.8447633
6357354633000 0.0588399 3.412714 7.0411744
6357374497000 -0.0588399 3.6186538 7.9335794
6357394359000 0.32361946 3.8344 8.16894
6357414221000 1.0395049 4.5404787 7.78648
6357434083000 1.4317709 5.0994577 8.806372
6357453946000 0.8531785 4.6973853 10.257755
6357473808000 1.0100849 4.815065 11.463974
6357493671000 1.6279038 5.3642373 11.29726
6357513534000 1.5494506 5.148491 10.5715685
6357533397000 2.5791488 4.8935184 9.708583
6357553260000 3.167548 5.4328837 11.836626
6357573124000 1.8534569 4.3345394 15.57296
6357592987000 1.0100849 3.9422731 17.043957
6357612851000 1.4219642 3.697107 10.934415
6357632715000 1.539644 3.7657535 8.835792
6357652579000 1.1277647 3.6578803 9.522257
6357672444000 0.7354987 2.775282 9.708583
6357692308000 0.56878567 2.265336 9.257478
6357712173000 0.8139519 2.5301156 9.80665
6357732038000 2.4712758 3.3734875 11.973919
6357751903000 -0.40207264 3.3440676 5.1779113
6357771769000 0.51975244 2.6477954 8.316039
6357791634000 0.6374322 3.4225209 7.4922805
6357811500000 2.4124358 4.6091256 6.2958694
6357831365000 1.8044236 4.118793 5.4132705
6357851232000 -0.00980665 1.6965504 5.011198
6357871098000 0.65704554 2.9223816 7.6884136
6357890964000 1.2650578 3.500974 11.640493
6357910831000 2.4124358 3.7559469 9.502644
6357930696000 1.3631244 3.3440676 7.708027
6357950558000 0.4511059 2.657602 6.541035
6357970419000 0.3334261 2.6968286 5.8349566
6357990281000 1.4709975 4.1874394 8.021839
6358010144000 1.0591182 3.7559469 9.63013
6358030006000 0.34323275 2.9812214 10.738281
6358049868000 0.7747253 3.4225209 10.699055
6358069731000 0.98066497 3.6284604 9.48303
6358089594000 2.265336 4.0109196 9.012311
6358109457000 1.8044236 4.1089864 7.72764
6358129320000 1.5004175 4.285506 8.374879
6358149184000 0.6472389 3.0302548 11.022675
6358169047000 0.10787315 3.550007 10.120462
6358188911000 0.46091253 3.383294 9.845877
6358208775000 1.0100849 3.412714 9.375157
6358228639000 0.6276256 3.1773546 9.110377
6358248504000 0.8237586 3.8736267 10.218529
