6343028974000 -0.11280951 7.4294257 6.400101
6343064874000 0.09053426 6.708025 7.1529446
6343103568000 0.26656157 6.0440946 7.718047
6343142133000 0.41364658 5.492085 8.113956
6343181152000 0.49435312 5.039312 8.3982935
6343220307000 0.5153842 4.7383647 8.570453
6343259606000 0.44965267 4.501583 8.700802
6343299011000 0.3457913 4.3205023 8.796822
6343338488000 0.2694763 4.1703134 8.871654
6343378026000 0.23888431 4.0554814 8.925603
6343417608000 0.2263846 3.9990363 8.951362
6343457232000 0.2296702 3.9738843 8.962471
6343496885000 0.24669659 3.9482641 8.973334
6343536564000 0.27448213 3.9128559 8.988025
6343576267000 0.29760244 3.8916025 8.996513
6343615990000 0.30275005 3.8812234 9.000824
6343655602000 0.24337447 3.8194501 9.029007
6343695121000 0.30961102 3.8236606 9.025196
6343734667000 0.38263184 3.8998165 8.989738
6343774236000 0.39684287 3.9700456 8.95833
6343813827000 0.38769495 3.9778569 8.955262
6343853438000 0.35762483 3.936368 8.974827
6343893067000 0.3350307 3.9300096 8.978484
6343932712000 0.36914867 3.944755 8.970676
6343972372000 0.42316625 3.9175844 8.980192
6344012046000 0.44429758 3.9085572 8.983104
6344051732000 0.39768738 3.880044 8.997638
6344091430000 0.4312509 3.9140768 8.981337
6344131140000 0.5562737 3.9060214 8.97797
6344170859000 0.57451576 3.9086125 8.975694
6344210532000 0.7241303 3.7839036 9.0182085
6344250140000 1.0658246 3.5214984 9.090295
6344289758000 1.1518551 3.4499047 9.107237
6344329389000 1.4346312 3.4308991 9.074203
6344369031000 1.701034 3.4742138 9.011476
6344408684000 1.8758893 3.6128557 8.92181
6344448346000 1.9424874 3.6850033 8.877944
6344488017000 1.9005584 3.725048 8.870303
6344527697000 1.8494229 3.7334208 8.87759
6344567385000 1.8163882 3.7047708 8.896392
6344607081000 1.7160428 3.6754684 8.928411
6344646785000 1.6123885 3.6593704 8.954306
6344686495000 1.4963231 3.6453516 8.980133
6344726212000 1.453207 3.658147 8.982012
6344765906000 1.4659191 3.7414203 8.945572
6344805547000 1.4236795 3.7986846 8.928244
6344845195000 1.3713591 3.8377216 8.919735
6344884851000 1.3293551 3.8747916 8.910061
6344924514000 1.2560539 3.8354535 8.937675
6344964184000 1.2200251 3.7704992 8.970244
6345003861000 1.2399018 3.800113 8.9550085
6345043544000 1.250861 3.8020093 8.952679
6345083233000 1.1925783 3.7776616 8.970921
6345122928000 1.1700556 3.7401817 8.989573
6345162629000 1.1960334 3.7446887 8.984275
6345202335000 1.1958759 3.7700684 8.973676
6345242047000 1.0340295 3.754662 9.000204
6345281744000 1.1524456 3.6359725 9.034488
6345321370000 1.1710135 3.7469523 8.986626
6345361037000 1.2275219 3.7927341 8.959839
6345400701000 1.2323612 3.8423624 8.938005
6345440371000 1.2243359 3.8814523 8.922204
6345480045000 1.2102892 4.0167546 8.864043
6345519725000 1.2400211 4.1265106 8.809351
6345559410000 1.047547 4.1056414 8.844022
6345599100000 1.0676215 4.1948657 8.799641
6345638795000 0.9710338 4.1579337 8.828311
6345678494000 0.76969945 4.0544825 8.896016
6345718199000 0.8357247 4.1486487 8.846505
6345757907000 0.743193 4.1217604 8.867307
6345797619000 0.6783643 4.0616217 8.900192
6345837335000 0.6361615 4.0587597 8.9046135
6345877048000 0.50880116 4.0432553 8.919842
6345916717000 0.4816196 4.0237746 8.930155
6345956391000 0.4702508 4.022813 8.931194
6345996069000 0.5252575 4.043954 8.918572
6346035752000 0.55335754 4.0309644 8.922752
6346075438000 0.56972325 4.0030727 8.934272
6346115129000 0.67322254 4.000987 8.928004
6346154824000 0.7149923 4.009436 8.920965
6346194522000 0.76922953 4.094852 8.877547
6346234224000 0.8382075 4.194492 8.824626
6346273928000 0.8272809 4.1636057 8.840272
6346313618000 0.8873246 4.2124796 8.811247
6346353331000 0.8897553 4.2418013 8.796922
6346393048000 0.8589877 4.244896 8.798489
6346432766000 0.83985025 4.2462544 8.799679
6346472442000 0.847486 4.2403164 8.801811
6346512123000 0.86319476 4.2268677 8.80675
6346551806000 0.89856404 4.2576494 8.788366
6346591493000 0.89230615 4.254542 8.790509
6346631184000 0.8906106 4.210682 8.811774
6346670878000 0.92634857 4.2132955 8.80684
6346710576000 0.95675975 4.2156234 8.802472
6346750277000 0.97461617 4.1941032 8.810788
6346789980000 1.0013351 4.19799 8.805942
6346829687000 1.0645291 4.24904 8.773987
6346869397000 1.0298885 4.212548 8.795691
6346909085000 1.0464393 4.2195153 8.790395
6346948801000 1.044778 4.2083898 8.795924
6346988500000 0.99292314 4.163984 8.823023
6347028185000 0.975124 4.171561 8.821429
6347067870000 0.99924093 4.1961756 8.807043
6347107558000 1.0743531 4.2419925 8.776198
6347147249000 1.0830745 4.247552 8.772436
6347186943000 1.0933017 4.267788 8.761339
6347226640000 1.1192874 4.331397 8.726774
6347266340000 1.0143791 4.2800083 8.764872
6347306047000 0.82312113 4.2012773 8.822818
6347345752000 0.5395631 4.0817814 8.900468
6347385459000 0.2817232 3.9618182 8.966329
6347425170000 0.01229688 3.7054906 9.079623
6347464882000 -0.16815409 3.4171934 9.190478
6347504598000 -0.16164552 3.0344336 9.323973
6347544306000 -0.012017112 2.787966 9.401993
6347583992000 0.16135179 2.5214555 9.475579
6347623680000 0.3805339 2.6111484 9.444971
6347663371000 0.51302695 2.6792598 9.419594
6347703065000 0.60212374 2.8037605 9.377994
6347742761000 0.75505215 3.080748 9.279509
6347782460000 0.88722634 3.3164396 9.186101
6347822161000 0.7866298 3.2890687 9.205087
6347861866000 0.7889229 3.3502116 9.182814
6347901572000 0.6268984 3.4596248 9.154692
6347941280000 0.4327464 3.5854633 9.117433
6347980991000 0.47947645 3.8178577 9.020224
6348020704000 0.58060807 3.9399228 8.961601
6348060420000 0.6757842 3.9092903 8.968342
6348100115000 0.876578 3.9345095 8.93989
6348139804000 1.0871445 3.939965 8.914324
6348179495000 1.3569034 3.9157605 8.887971
6348219189000 1.6658529 3.7529142 8.905669
6348258885000 1.6982903 3.2777674 9.085287
6348298583000 1.6747566 2.8988507 9.217497
6348338284000 1.780079 2.8822067 9.202967
6348377986000 1.7837214 2.8985162 9.197137
6348417691000 1.8459275 2.8549616 9.198486
6348457398000 1.7365214 2.820415 9.2303915
6348497107000 1.4311879 2.73946 9.306849
6348536818000 1.3117639 2.8373132 9.295124
6348576531000 1.3260375 3.1405952 9.195034
6348616247000 1.3798095 3.527462 9.045636
6348655946000 1.3394263 3.8376362 8.924622
6348695638000 1.2576152 4.1720695 8.785365
6348735331000 1.0188936 4.3719206 8.718863
6348775027000 0.8370552 4.3944826 8.7268715
6348814724000 0.7286837 4.2277813 8.818462
6348854425000 0.8376785 4.272917 8.786973
6348894126000 0.8124153 4.063735 8.887993
6348933830000 0.6983549 3.5926187 9.09812
6348973536000 0.628914 3.3780432 9.184969
6349013244000 0.5037414 3.2858717 9.226033
6349052953000 0.33060515 3.076644 9.305661
6349092665000 0.34481883 3.0322833 9.319696
6349132378000 0.34976357 3.1669111 9.274629
6349172093000 0.31597003 3.350828 9.210999
6349211794000 0.32949764 3.5420454 9.138694
6349251487000 0.24203649 3.7068965 9.075831
6349291183000 0.17281084 3.8428795 9.020688
6349330880000 0.13667086 4.0373135 8.935983
6349370579000 0.046979193 4.182447 8.869909
6349410280000 -0.035375558 4.269608 8.828341
6349449983000 -0.06177549 4.302765 8.812081
6349489687000 0.16085297 4.0836406 8.914504
6349529394000 0.3740861 3.6403239 9.098269
6349569102000 0.48785323 3.4082303 9.182394
6349608812000 0.50361824 3.3473377 9.203917
6349648524000 0.4536818 3.0472977 9.310131
6349688238000 0.61319864 2.884525 9.352749
6349727953000 0.8805112 3.0600598 9.275297
6349767656000 1.089396 3.4325027 9.121487
6349807353000 1.1721756 3.8216836 8.95495
6349847050000 1.1231542 4.1568036 8.810783
6349886748000 1.1300204 4.416429 8.682661
6349926449000 1.2064278 4.5591164 8.59822
6349966151000 1.088795 4.6121817 8.58561
6350005855000 0.9453005 4.6060534 8.605874
6350045560000 0.8892066 4.5888658 8.621023
6350085267000 0.90637094 4.514535 8.658398
6350124976000 0.7767995 3.982053 8.928059
6350164686000 0.5794949 3.3606222 9.194606
6350204398000 0.5165056 3.0802617 9.295999
6350244112000 0.32776144 2.7554343 9.405877
6350283820000 0.218982 2.4503314 9.493067
6350323523000 0.18909532 2.3018613 9.530794
6350363220000 0.1655982 2.346218 9.520411
6350402918000 0.16347997 2.5360787 9.471641
6350442618000 0.35178778 2.9422853 9.348241
6350482319000 0.5111999 3.4165404 9.178036
6350522022000 0.7615826 3.7747135 9.018974
6350561726000 0.95217437 3.8713675 8.9597025
6350601432000 0.9619529 3.8057256 8.986739
6350641140000 1.0662689 3.6358047 9.045132
6350680849000 1.2644774 3.399055 9.111416
6350720560000 1.2684829 3.1177416 9.210919
6350760272000 1.1936053 2.981583 9.265843
6350799981000 1.0900487 2.6594515 9.376007
6350839677000 1.1040144 2.506746 9.416355
6350879373000 1.0811558 2.5442245 9.408955
6350919071000 1.0102643 2.8118596 9.340407
6350958770000 0.8664442 3.1726172 9.238731
6350998471000 0.4135653 3.423741 9.180269
6351038173000 0.07338819 3.5639484 9.135823
6351077877000 -0.035975568 3.6808872 9.089562
6351117582000 -0.14950053 3.711336 9.076014
6351157289000 -0.22475116 3.68838 9.0838175
6351196997000 -0.03198533 3.8863177 9.00366
6351236707000 0.23788361 3.8403552 9.020281
6351276417000 0.2541478 3.425853 9.185277
6351316119000 0.25852528 3.185305 9.27132
6351355829000 0.20074119 3.0851555 9.306552
6351395533000 0.13915172 2.9493842 9.351587
6351435237000 0.16641411 2.860584 9.378685
6351474936000 0.17336686 2.8619606 9.3781395
6351514636000 0.12373788 2.9329307 9.3569765
6351554338000 0.12239757 3.1203375 9.296177
6351594041000 0.21638884 3.5006413 9.158008
6351633745000 0.24993996 3.9023361 8.993314
6351673451000 0.41758785 4.1122823 8.892982
6351713158000 0.6792304 4.2551064 8.809261
6351752866000 0.8481385 4.198906 8.821579
6351792576000 1.0770261 3.966498 8.90378
6351832287000 1.1839944 3.736752 8.989173
6351871999000 1.2535393 3.7426496 8.977283
6351911713000 1.3457109 3.7749515 8.950376
6351951419000 1.4812795 3.6729372 8.971385
6351991118000 1.524049 3.6024687 8.992768
6352030817000 1.4405903 3.6806865 8.9748335
6352070526000 1.2719072 3.888533 8.91246
6352110246000 1.0688127 4.2114716 8.79156
6352149967000 0.76979387 4.4295845 8.715308
6352189689000 0.5716621 4.5071406 8.690758
6352229413000 0.32872942 4.5179715 8.697716
6352269138000 0.20375001 4.6257133 8.644747
6352308864000 0.1941149 4.5906243 8.663652
6352348591000 0.31379443 4.6265883 8.640982
6352388319000 0.3992004 4.4240594 8.742925
6352428048000 0.37580156 3.9873729 8.951538
6352467770000 0.48419443 3.8587878 9.002539
6352507492000 0.5326035 3.7917259 9.028265
6352547208000 0.5873887 3.593666 9.105543
6352586925000 0.65283334 3.404966 9.173353
6352626644000 0.6414571 3.3153024 9.206939
6352666363000 0.5137483 3.2993186 9.220681
6352706084000 0.44286156 3.4308863 9.176235
6352745806000 0.4413513 3.6459763 9.092989
6352785529000 0.66610146 3.8292527 9.00353
6352825253000 0.9465438 3.9290597 8.935151
6352864978000 0.9828927 3.959927 8.917583
6352904705000 1.0933383 3.9581404 8.905512
6352944432000 1.2544192 3.7478702 8.974981
6352984161000 1.2410704 3.4248624 9.104968
6353023884000 1.2448807 3.3555145 9.130235
6353063599000 1.3374691 3.4107447 9.096614
6353103315000 1.5284353 3.4799514 9.040144
6353143032000 1.6326827 3.503646 9.012726
6353182750000 1.5137035 3.5829358 9.002315
6353222470000 1.2935392 3.8335302 8.933152
6353262203000 0.9335684 4.1341944 8.843487
6353301940000 0.58505046 4.368361 8.760452
6353341678000 0.39910161 4.495573 8.706372
6353381417000 0.28848156 4.5004926 8.708199
6353421157000 0.2717622 4.4494796 8.73491
6353460899000 0.4015759 4.4400535 8.734703
6353500640000 0.6397493 4.373638 8.753993
6353540374000 0.6310839 3.9389694 8.958607
6353580109000 0.67444944 3.6704519 9.0688095
6353619840000 0.71139866 3.6223824 9.085299
6353659571000 0.63214755 3.4775426 9.14754
6353699303000 0.5693188 3.3276954 9.207211
6353739036000 0.5546851 3.299596 9.218209
6353778769000 0.5014549 3.3388124 9.207131
6353818504000 0.4939492 3.534702 9.134126
6353858240000 0.59094447 3.8364222 9.005722
6353897977000 0.84779876 4.2086086 8.816986
6353937714000 1.0165495 4.329468 8.740292
6353977453000 1.1971781 4.2186055 8.771575
6354017184000 1.4048933 4.3420434 8.680054
6354056924000 1.5333084 4.2069273 8.724742
6354096661000 1.3822128 3.6639452 8.9908495
6354136395000 1.3906357 3.5055661 9.052487
6354176124000 1.3373893 3.5358226 9.048741
6354215854000 1.2392023 3.3981128 9.11524
6354255584000 1.2004529 3.332811 9.144488
6354295316000 1.1203406 3.4569817 9.108484
6354335049000 0.86158365 3.6519122 9.06044
6354374784000 0.5651396 3.8945746 8.982388
6354414519000 0.38291094 4.0783 8.910176
6354454254000 0.24474575 4.162337 8.876117
6354493991000 0.25107685 4.2140007 8.851527
6354533728000 0.34857085 4.397346 8.758553
6354573467000 0.32105875 4.445475 8.735276
6354613206000 0.41695848 4.5002327 8.70313
6354652936000 0.6223988 4.6407704 8.616627
6354692664000 0.5296255 4.1261225 8.880597
6354732392000 0.52273035 3.7124295 9.061733
6354772121000 0.58586425 3.664258 9.077462
6354811851000 0.46436042 3.4578626 9.165039
6354851583000 0.5219335 3.3055053 9.218004
6354891315000 0.567077 3.2820964 9.2237
6354931048000 0.4968347 3.3182964 9.214796
6354970781000 0.43641824 3.4529853 9.16825
6355010516000 0.43302843 3.7005992 9.071297
6355050251000 0.3076507 3.8930988 8.995528
6355089988000 0.20778935 4.080863 8.914805
6355129725000 0.2608011 4.2806687 8.819197
6355169455000 0.28585956 4.3351645 8.791759
6355209186000 0.2454764 4.4411435 8.739932
6355248913000 0.5988351 4.4864655 8.699622
6355288641000 0.6582094 3.8882058 8.978809
6355328370000 0.7165581 3.591368 9.0971985
6355368099000 0.75094086 3.5633016 9.105459
6355407829000 0.830784 3.4931917 9.125667
6355447560000 0.88124377 3.4382048 9.141803
6355487292000 0.80283993 3.5335782 9.11261
6355527025000 0.55209523 3.7838054 9.030415
6355566759000 0.39071795 4.2064686 8.850047
6355606494000 0.05254384 4.5200653 8.702681
6355646230000 -0.16494156 4.744335 8.581053
6355685966000 -0.31798196 4.8444905 8.520576
6355725703000 -0.41469052 4.8929677 8.488657
6355765434000 -0.32456252 4.9123573 8.48138
6355805160000 -0.15784122 4.9223547 8.480324
6355844888000 0.008331775 4.682655 8.616442
6355884616000 -0.030995151 4.073055 8.920743
6355924344000 0.039677493 3.7434475 9.063963
6355964074000 0.037610184 3.5693526 9.13393
6356003804000 0.016841829 3.349407 9.216917
6356043536000 0.055946928 3.2133512 9.265078
6356083268000 0.054306615 3.1767936 9.277684
6356123001000 0.03519377 3.248494 9.252915
6356162735000 0.12910087 3.4617395 9.174425
6356202469000 0.12620384 3.6455817 9.102976
6356242204000 0.039890844 3.7284107 9.070158
6356281940000 -0.08331278 3.7457225 9.062726
6356321666000 -0.019372955 3.718992 9.074089
6356361392000 -0.048695058 3.6887279 9.086325
6356401118000 0.24936903 3.7492907 9.058202
6356440846000 0.47098494 3.5722442 9.120726
6356480574000 0.5375453 3.3388467 9.20508
6356520303000 0.56531686 3.2496004 9.23531
6356560033000 0.6053185 3.1681526 9.261036
6356599763000 0.6993505 3.1268327 9.268453
6356639495000 0.7295145 3.1927836 9.24361
6356679227000 0.6522044 3.3855917 9.180566
6356718960000 0.5059714 3.6911101 9.071387
6356758693000 0.33898136 3.9501038 8.969512
6356798428000 0.1376362 4.065852 8.923019
6356838153000 -0.06366014 4.033826 8.938376
6356877878000 -0.059234865 4.1340017 8.892521
6356917603000 -0.021210693 4.127309 8.8958
6356957329000 0.12852176 4.1169653 8.89969
6356997056000 0.2698036 4.0691667 8.918489
6357036784000 0.17786957 3.5718112 9.131315
6357076513000 0.28864187 3.430021 9.182705
6357116242000 0.30747312 3.277477 9.237639
6357155972000 0.36676383 3.0364616 9.317497
6357195702000 0.45042667 2.928951 9.348196
6357235434000 0.40196636 2.8915632 9.362033
6357275166000 0.28000176 2.9648204 9.343545
6357314899000 0.17950726 3.1956532 9.269626
6357354633000 0.1206836 3.4576948 9.176065
6357394359000 0.13912044 3.6800585 9.088904
6357434083000 0.3781785 3.989242 8.9506035
6357473808000 0.54065835 4.0391455 8.91983
6357513534000 0.72891766 4.0965605 8.88016
6357553260000 1.0833654 4.0996776 8.842474
6357592987000 1.0855187 3.7089791 9.013075
6357632715000 1.1413853 3.5910478 9.05384
6357672444000 1.1088542 3.4356453 9.11796
6357712173000 1.0537276 3.2453923 9.193882
6357751903000 0.8842451 3.3639517 9.169096
6357791634000 0.80014133 3.5061178 9.123446
6357831365000 0.9857052 3.8605325 8.960752
6357871098000 1.0258645 3.937341 8.922743
6357910831000 1.2738863 3.888152 8.912343
6357950558000 1.2754343 3.8452306 8.930725
6357990281000 1.3269565 3.9390671 8.882192
6358030006000 1.1322356 3.7035925 9.00954
6358069731000 1.0393727 3.5933654 9.065198
6358109457000 1.1625881 3.711028 9.002613
6358149184000 1.0824718 3.532766 9.083952
6358188911000 0.94401866 3.4178197 9.143179
6358228639000 0.8502057 3.349683 9.177536
