6343028974000 -54.630917 32.42785 -21.589552
6343064874000 -54.148975 34.924786 -22.822926
6343103568000 -53.160793 34.950256 -21.755981
6343142133000 -52.528378 34.973766 -22.074682
6343181152000 -53.20149 34.088966 -21.736866
6343220307000 -44.85799 34.6768 -19.348072
6343259606000 -43.827644 35.566563 -18.710499
6343299011000 -44.546894 35.546875 -19.32793
6343338488000 -44.514587 36.293743 -18.421583
6343378026000 -44.81436 35.544094 -20.187672
6343417608000 -44.18635 35.558598 -19.275635
6343457232000 -45.81784 37.127605 -20.893263
6343496885000 -44.486164 36.74091 -20.687525
6343536564000 -45.121883 36.71064 -19.445776
6343576267000 -43.819202 35.583836 -21.069433
6343615990000 -44.73769 37.159763 -20.32605
6343675358000 -45.493225 36.287804 -22.155127
6343714891000 -45.49947 36.275036 -20.411573
6343754449000 -45.473248 36.717693 -22.062134
6343794029000 -43.764717 36.765102 -20.68545
6343833631000 -44.753265 36.73888 -21.649805
6343873251000 -44.782787 36.289463 -19.076221
6343912888000 -44.758038 36.72912 -20.316504
6343952540000 -44.81216 35.548603 -20.803053
6343992208000 -44.71587 37.59341 -20.745874
6344031888000 -45.38393 38.74823 -20.056274
6344071580000 -45.87967 35.93132 -19.226002
6344111283000 -46.717724 37.101315 -21.434301
6344150999000 -46.608376 39.464596 -20.76892
6344190722000 -47.667084 39.865337 -21.65337
6344230334000 -49.97131 40.550293 -23.035742
6344269947000 -53.322254 40.020252 -24.74087
6344309572000 -54.121437 36.44618 -24.651001
6344349209000 -57.215393 35.605698 -26.822535
6344388856000 -56.50349 35.610363 -24.153858
6344428514000 -56.48823 35.933346 -24.161036
6344468181000 -53.84257 36.344593 -25.304443
6344507856000 -52.608368 35.93995 -23.060547
6344547540000 -52.46081 37.130154 -23.483984
6344587232000 -51.57325 36.839474 -23.756275
6344626932000 -51.59507 36.405827 -23.336475
6344666639000 -50.22893 36.867653 -21.406275
6344706353000 -49.866554 36.88313 -21.866796
6344746073000 -49.82801 37.64276 -22.70403
6344785726000 -49.218884 37.229626 -22.192652
6344825370000 -49.257793 36.469242 -21.252857
6344865022000 -49.473713 37.641712 -20.908155
6344904682000 -48.939056 35.61742 -20.87378
6344944348000 -49.235607 36.903637 -21.775244
6344984022000 -48.502575 37.243305 -20.754713
6345023702000 -48.516365 36.92332 -21.15779
6345063388000 -48.45857 38.111347 -21.696875
6345103080000 -48.822052 38.093624 -20.92871
6345142778000 -48.859814 37.238342 -21.730078
6345182482000 -49.220722 37.225872 -21.679834
6345222191000 -48.856873 37.24435 -22.550587
6345281744000 -49.193764 37.670033 -23.535522
6345321370000 -49.91056 36.01508 -20.924635
6345361037000 -49.279613 36.03559 -20.833082
6345400701000 -49.90469 36.027096 -22.565626
6345440371000 -48.953213 35.296688 -21.174269
6345480045000 -47.6197 34.91375 -21.481348
6345519725000 -47.93089 36.07278 -19.71382
6345559410000 -46.88635 35.35131 -19.129908
6345599100000 -46.850372 36.105686 -19.24917
6345638795000 -46.79148 37.29597 -20.095972
6345678494000 -46.56146 36.54137 -18.706715
6345718199000 -46.538174 36.978024 -19.536743
6345757907000 -41.562923 40.03837 -13.54646
6345797619000 -41.52255 40.801758 -14.896484
6345837335000 -42.156796 40.774487 -14.06499
6345877048000 -41.199078 40.056843 -14.417188
6345916717000 -41.220898 39.623196 -13.997388
6345956391000 -41.102425 42.102406 -14.462573
6345996069000 -41.831493 40.03333 -14.098511
6346035752000 -42.571453 39.58225 -14.603808
6346075438000 -41.81004 40.466225 -14.415748
6346115129000 -42.190563 40.024612 -14.56106
6346154824000 -41.831493 40.03333 -14.098511
6346194522000 -41.193207 40.06886 -16.05818
6346234224000 -41.875496 39.16528 -13.156323
6346293766000 -42.64923 37.964333 -14.15774
6346313618000 -42.610363 38.821865 -13.664039
6346353331000 -41.615578 38.86085 -14.443213
6346393048000 -42.245056 38.84335 -14.94502
6346452604000 -41.688946 37.251945 -15.227881
6346492282000 -43.29795 37.518436 -14.957666
6346531964000 -41.96119 37.2394 -14.754321
6346571649000 -41.657745 37.996563 -14.013867
6346611338000 -41.90633 38.421413 -14.4729
6346651031000 -43.008297 37.955612 -14.620288
6346690727000 -41.2521 38.878582 -15.211402
6346730426000 -42.98318 38.396023 -15.963183
6346770128000 -41.909634 38.414658 -13.549853
6346809833000 -42.26834 38.406693 -14.11499
6346849541000 -41.617046 38.85785 -14.032984
6346889236000 -42.60266 38.837635 -15.817847
6346928943000 -42.985012 38.392265 -15.450366
6346968646000 -42.28722 37.979053 -14.515674
6347008344000 -43.043903 37.201984 -14.603564
6347048027000 -43.0072 37.957867 -14.9279785
6347087713000 -42.681904 37.216713 -14.961499
6347127403000 -42.322826 37.225426 -14.49895
6347167096000 -43.27724 37.94983 -15.069776
6347206791000 -42.646297 37.97034 -14.978223
6347246489000 -44.012417 37.50851 -16.908422
6347286193000 -42.241756 38.850105 -15.868091
6347325899000 -43.025703 37.53098 -15.431251
6347365605000 -42.259167 38.42547 -16.67903
6347405314000 -42.584095 39.167377 -16.748072
6347445026000 -43.906593 39.57284 -19.517872
6347484740000 -43.870667 40.42437 -18.203663
6347524455000 -42.48304 41.22195 -18.024195
6347564148000 -41.22767 39.220337 -17.782618
6347603835000 -41.30213 37.60918 -18.259596
6347643525000 -40.065693 35.27708 -16.985254
6347683217000 -39.971966 31.71503 -14.405664
6347722912000 -39.69067 30.105825 -13.497046
6347762610000 -40.463417 27.266605 -10.859863
6347802310000 -39.145485 26.462784 -12.490674
6347842013000 -39.575928 25.238256 -8.619336
6347881719000 -38.635628 24.095978 -9.782519
6347921426000 -38.977657 24.511145 -9.331568
6347961136000 -38.982056 24.502134 -8.10083
6348000848000 -40.028034 23.288635 -8.628662
6348040562000 -40.70298 22.40008 -7.778052
6348080272000 -40.760403 21.212809 -7.3415284
6348119959000 -41.20165 19.577158 -6.1272707
6348159649000 -40.858154 19.164997 -6.9884524
6348199341000 -42.23053 18.6904 -7.175073
6348239036000 -40.861458 19.158237 -6.0654054
6348278734000 -40.87263 18.746367 -8.619873
6348318433000 -40.26135 18.43488 -7.2904296
6348358135000 -39.65695 16.080015 -5.7999268
6348397839000 -39.425777 15.230524 -6.151831
6348437544000 -39.77836 13.5948 -4.5142336
6348477253000 -38.381233 14.509048 -5.56792
6348516963000 -39.487606 14.034233 -4.4845705
6348556675000 -39.206676 12.424281 -3.4733398
6348596389000 -38.92391 10.818082 -2.9749513
6348636102000 -38.488533 12.441711 -2.5482178
6348675792000 -39.58903 11.978912 -3.1058595
6348715484000 -39.230328 11.986877 -2.5407472
6348755178000 -40.948402 11.919944 -1.2508057
6348794875000 -41.927883 10.271973 -0.832959
6348834574000 -42.742004 8.30763 -0.48432618
6348874275000 -43.157032 7.114644 -0.9206055
6348913978000 -43.46813 6.2445664 -0.9407471
6348953683000 -42.156116 5.5258775 0.5029053
6348993389000 -41.833057 6.712178 1.4389404
6349033098000 -41.8437 6.690399 4.4132323
6349072809000 -40.836956 7.0456133 4.5499268
6349112521000 -39.78883 8.360763 5.895874
6349152235000 -40.365658 9.520769 6.290845
6349191938000 -39.94879 10.717509 6.214331
6349251487000 -39.37858 9.543986 7.6654544
6349291183000 -38.598232 10.758456 6.820752
6349330880000 -38.94173 11.170623 7.681934
6349370579000 -38.267467 11.96053 5.6029544
6349410280000 -39.196438 13.223235 5.0201907
6349449983000 -38.45863 13.572662 4.7073975
6349489687000 -39.098633 15.173902 3.2336426
6349529394000 -39.106556 14.865938 1.1895508
6349569102000 -40.81435 14.82003 -0.39223632
6349608812000 -38.786713 14.01637 1.2609863
6349648524000 -39.144318 14.010657 0.3881592
6349688238000 -39.84239 12.394008 -2.231592
6349727953000 -39.902752 11.200724 -0.974585
6349767656000 -39.926037 10.764071 -0.14450684
6349807353000 -38.286194 11.241449 0.9018311
6349847050000 -38.878597 11.980575 -0.026928712
6349886748000 -38.28913 11.23544 1.7223389
6349926449000 -38.861183 12.405211 0.7840088
6349966151000 -39.838924 12.790107 2.4767091
6350005855000 -40.993183 11.14754 1.3299805
6350045560000 -40.709316 9.543594 1.5206788
6350085267000 -42.027527 8.317553 1.4664307
6350124976000 -42.364727 8.645339 -0.8494385
6350164686000 -41.733418 8.666598 -0.86044925
6350204398000 -40.726357 9.11971 0.60717773
6350244112000 -38.937855 10.789545 0.9224121
6350283820000 -40.95648 11.903421 1.0055665
6350323523000 -39.895985 11.603581 2.810669
6350363220000 -40.525135 13.518791 2.5604737
6350402918000 -40.16496 13.529759 2.7153566
6350442618000 -40.149014 13.95139 3.9365234
6350482319000 -41.173534 13.170791 3.0914552
6350522022000 -40.8101 15.120483 2.6774414
6350561726000 -40.8068 15.127243 1.7543701
6350601432000 -42.034912 15.836093 2.0673585
6350641140000 -41.98651 16.713154 -0.105566405
6350680849000 -41.965374 17.048151 -1.753711
6350720560000 -41.313717 17.500055 -1.774292
6350760272000 -40.71838 16.766941 -1.6660156
6350799981000 -40.015816 16.363495 -2.0645998
6350839677000 -39.685375 15.63285 -3.5340087
6350879373000 -40.085926 14.85849 -2.3388672
6350919071000 -38.75242 14.475553 -2.645923
6350958770000 -38.09965 14.929709 -2.9741943
6350998471000 -38.10149 14.925954 -2.461377
6351038173000 -38.03174 16.430206 -2.0845704
6351077877000 -38.647106 16.830576 -0.8523682
6351117582000 -39.997295 16.79038 -1.5613769
6351157289000 -39.119564 14.450313 -0.85212404
6351196997000 -39.593807 11.96915 -1.7725586
6351236707000 -42.29892 9.947032 -2.2114015
6351276417000 -42.697216 9.080032 -3.0651124
6351316119000 -43.643757 10.209543 -0.15839843
6351355829000 -41.04195 10.26973 3.6054444
6351395533000 -40.96418 11.88765 3.159375
6351435237000 -41.526527 13.466283 5.1857667
6351474936000 -41.248165 11.851073 6.914917
6351514636000 -40.141144 14.356502 7.414087
6351554338000 -40.16626 13.916094 8.756934
6351594041000 -41.15151 13.896631 6.869507
6351633745000 -40.881104 13.905421 6.908765
6351673451000 -41.433907 15.50358 6.268579
6351713158000 -42.834553 14.29038 4.0474124
6351752866000 -42.445953 14.748515 1.9363769
6351792576000 -42.939083 17.441305 -1.189209
6351832287000 -42.95943 17.010666 -1.1796387
6351871999000 -41.006195 16.333515 -2.5161622
6351911713000 -42.42761 14.786066 -3.1917236
6351971268000 -43.414684 14.762848 -4.5663333
6352010967000 -42.769955 15.103335 -4.0717044
6352050668000 -43.076332 14.340169 -3.9916503
6352070526000 -42.10813 13.935745 -3.0177248
6352110246000 -42.78668 14.7773485 -3.6542969
6352149967000 -42.409412 15.115058 -4.019385
6352189689000 -42.322247 17.043943 -2.8316407
6352229413000 -41.999153 16.298283 -2.2497804
6352269138000 -43.34347 16.270102 -4.5997806
6352308864000 -44.45164 13.859566 -3.357788
6352348591000 -45.282795 11.471339 -3.9226806
6352388319000 -47.034595 10.557385 -4.562305
6352428048000 -46.052925 8.540229 -3.4369142
6352467770000 -45.365337 9.8436575 -2.1432862
6352527349000 -43.96507 11.056107 0.18041992
6352567066000 -43.943256 11.489756 -0.23937988
6352606784000 -41.269344 9.651265 5.950464
6352646503000 -40.624287 10.08965 7.7760253
6352686223000 -40.58868 10.843277 7.7593017
6352725945000 -39.92209 9.685451 7.479956
6352765667000 -40.64317 9.66201 7.3753176
6352805391000 -42.012604 9.193425 6.368213
6352845116000 -42.26731 11.2460375 3.7064455
6352884841000 -41.163513 11.715598 3.3410401
6352924568000 -41.179455 11.293965 2.1198242
6352964297000 -41.112488 12.500766 -0.9833008
6353004026000 -41.888058 11.296059 -1.4718751
6353043741000 -41.579067 10.13252 -2.624048
6353083457000 -41.081066 7.255194 -3.6987305
6353123173000 -42.122265 6.0514603 -5.5598636
6353162891000 -42.1208 6.054465 -5.970117
6353202610000 -40.508198 4.057817 -4.753174
6353242335000 -40.49394 4.1842546 -7.3196044
6353282072000 -40.80917 5.3350253 -4.423926
6353321809000 -39.399715 6.5662494 -4.6642337
6353361548000 -40.66389 8.549835 -2.444336
6353401287000 -41.372982 6.9106555 -1.9872559
6353441028000 -42.588326 4.0733066 -1.6718262
6353480769000 -42.874306 3.6436355 -3.0348146
6353520506000 -43.34676 1.2633728 -3.0345705
6353560240000 -43.064358 -0.3435791 -2.4336183
6353599975000 -41.663723 0.8696228 -0.21247558
6353639706000 -41.59659 2.4657638 2.3157227
6353679437000 -40.177437 4.105855 5.040137
6353719169000 -41.204567 5.2519593 5.2671633
6353758902000 -41.46742 5.550383 7.374561
6353798637000 -41.75422 7.14832 8.004346
6353838372000 -41.473293 5.538368 9.015552
6353878108000 -42.840576 5.171434 8.826538
6353917845000 -42.53015 5.942862 7.6183105
6353957583000 -42.7402 7.127356 6.322046
6353997318000 -43.162567 5.9193482 7.9370117
6354037054000 -42.735424 7.137119 4.988745
6354076795000 -41.952087 10.095265 0.8107422
6354116528000 -42.273712 10.843932 -0.18134765
6354156259000 -41.032135 8.522346 -0.3428467
6354195988000 -40.70459 7.6885467 -2.4252198
6354235719000 -40.756145 6.5132875 -3.6296875
6354275450000 -41.135555 6.0739274 -4.082715
6354315183000 -40.8743 4.1319795 -1.8335694
6354354917000 -40.526028 3.7295778 -4.028076
6354394651000 -40.07722 5.672438 -3.0957031
6354434387000 -40.51376 4.1436996 -1.78125
6354474123000 -40.047176 6.511945 -0.14050293
6354513860000 -39.78007 6.5139756 0.82177734
6354553597000 -40.491726 4.8695407 1.9968262
6354593336000 -41.189148 5.2835007 0.9595459
6354633073000 -41.93825 2.8816833 2.6641114
6354672800000 -41.64851 1.2897538 1.2138427
6354712528000 -42.728657 1.2575973 0.6466309
6354752257000 -41.40579 0.85287935 3.3138673
6354791986000 -39.619854 2.517456 4.3470216
6354831717000 -40.581978 3.2260864 5.9299808
6354871449000 -40.201088 3.668451 5.972754
6354911181000 -38.819324 4.4540114 7.793213
6354950914000 -38.5271 4.8964496 7.412647
6354990649000 -38.511166 5.3180804 8.633838
6355030384000 -38.511166 5.3180804 8.633838
6355070119000 -37.88205 5.334836 9.238208
6355109856000 -37.45785 6.546599 7.110425
6355149592000 -37.17361 4.943405 7.198584
6355189323000 -38.42274 6.957779 5.2134523
6355229049000 -38.05303 6.9882736 2.701709
6355268777000 -38.622143 8.164052 0.94289553
6355308505000 -40.363293 7.271877 -2.671045
6355348234000 -38.03982 7.015311 -0.99050295
6355387964000 -38.73474 5.6968613 -0.23291016
6355427695000 -38.49701 4.958032 -0.9974365
6355467426000 -38.540646 4.090735 -0.15783691
6355507159000 -36.78738 5.007694 0.07155762
6355546892000 -36.86625 3.3875215 0.8253418
6355586626000 -36.796185 4.98967 2.5330567
6355626362000 -35.40708 5.79025 2.3022707
6355666098000 -36.56244 4.145433 1.4632081
6355705834000 -36.796185 4.98967 2.5330567
6355765434000 -36.87286 3.3740036 2.67146
6355805160000 -37.343475 0.99749607 2.1588867
6355844888000 -38.98002 0.5268799 0.18945313
6355884616000 -39.73414 -0.24493103 -0.61640626
6355924344000 -39.0956 -1.8491715 1.267627
6355964074000 -37.803608 -1.0657905 2.9724367
6356003804000 -38.684326 1.3654159 4.5171876
6356043536000 -38.039227 1.7066559 4.909253
6356083268000 -38.250423 2.9860427 5.354175
6356123001000 -37.266644 3.002501 7.651831
6356162735000 -37.945873 3.745456 5.7869387
6356202469000 -37.568604 4.0831637 5.4218264
6356242204000 -38.557156 4.0569396 4.4574466
6356281940000 -38.83548 3.7401886 2.37417
6356321666000 -37.113483 3.6061494 5.792456
6356361392000 -36.77035 3.1932342 5.0338135
6356401118000 -37.046516 4.81295 2.689331
6356440846000 -37.042477 4.8212113 1.5611328
6356480574000 -37.775826 4.383649 -0.79030764
6356520303000 -37.0966 3.6406953 1.074585
6356560033000 -36.610554 0.44714507 -0.9159668
6356599763000 -37.70163 -1.6366501 -0.19396973
6356639495000 -36.079567 -1.5846604 0.14401856
6356679227000 -35.492218 -4.363412 0.7210205
6356718960000 -34.895046 -5.0927734 0.3164795
6356758693000 -35.514027 -4.7970595 1.1408204
6356798428000 -35.442135 -3.1911561 2.335718
6356838153000 -36.797462 -3.2418656 3.0625978
6356877878000 -37.75265 -2.4218185 4.130371
6356917603000 -38.86407 -4.936261 4.8619385
6356957329000 -39.684273 -7.2048106 2.6536865
6356997056000 -40.438454 -9.71429 4.3605957
6357036784000 -41.217327 -10.925756 4.7950683
6357076513000 -41.240612 -11.362409 5.6251464
6357116242000 -41.443886 -9.775058 8.114112
6357155972000 -40.621986 -12.169156 12.059009
6357195702000 -39.922756 -10.6474 12.937622
6357235434000 -38.5185 -9.329542 15.566627
6357275166000 -39.071674 -7.732132 15.029004
6357314899000 -39.49325 -9.035785 15.005347
6357354633000 -39.09569 -8.170287 16.064161
6357394359000 -38.107143 -8.144065 17.02854
6357434083000 -38.10568 -8.14106 16.618286
6357473808000 -39.37625 -6.5595813 14.950391
6357513534000 -39.070942 -7.7306304 14.823877
6357553260000 -40.150723 -7.7620354 14.154101
6357592987000 -40.169605 -8.189676 13.753394
6357632715000 -39.786877 -7.7435565 13.283374
6357672444000 -38.83462 -8.569611 13.036084
6357712173000 -40.476295 -9.050742 12.50254
6357751903000 -39.783943 -7.7375484 12.462867
6357791634000 -40.835 -9.058707 11.937403
6357831365000 -42.249226 -10.299695 13.51106
6357871098000 -41.523464 -8.23738 14.0700445
6357910831000 -41.772785 -7.8140244 13.816113
6357950558000 -41.724903 -6.6462755 16.046217
6357990281000 -41.72784 -6.6522827 16.8667
6358030006000 -41.39524 -5.446457 15.136085
6358069731000 -40.045044 -5.4062624 15.845093
6358109457000 -41.095425 -6.628769 16.548023
6358149184000 -39.800823 -7.7720942 17.180714
6358188911000 -40.47247 -8.6538925 17.108276
6358228639000 -40.798183 -7.81634 18.677832
