4457752918000 -0.00980665 4.275699 8.816178
4457772933000 0.0 4.2364726 8.649466
4457792921000 0.088259846 4.197246 8.453332
4457812911000 0.12748645 4.2953124 8.561205
4457832913000 0.28439283 4.560092 8.747532
4457852888000 -0.12748645 4.06976 8.708305
4457872749000 -0.18632634 4.1285996 8.708305
4457888903000 -0.12748645 4.2070527 8.571012
4457908415000 0.0196133 4.344346 8.257199
4457927981000 0.0588399 4.501252 8.433719
4457947589000 -0.19613299 4.2658925 8.355266
4457967233000 -0.35303938 4.1580195 8.551398
4457986941000 -0.35303938 4.197246 8.982891
4458006640000 -0.48052585 4.1089864 9.875297
4458026359000 -0.5982056 3.7559469 10.002783
4458046095000 -0.5393657 3.6480737 9.885103
4458065848000 -0.14709975 3.7853668 9.012311
4458085614000 -0.02941995 3.8344 8.914245
4458105394000 0.0588399 3.726527 9.48303
4458125185000 0.32361946 3.5990405 10.375436
4458144985000 0.5295591 3.4029074 10.375436
4458164796000 0.6276256 3.3734875 9.796844
4458184615000 0.65704554 3.4617474 9.012311
4458204443000 0.74530536 3.4813607 8.943665
4458224282000 0.69627213 3.2361944 8.737725
4458244123000 0.48052585 2.9714148 8.620045
4458263970000 0.5982056 3.000835 8.502365
4458283822000 1.0787314 3.1773546 8.286619
4458303679000 1.4808041 3.3538742 7.806093
4458323542000 1.8240368 3.4911673 7.78648
4458343409000 1.8534569 3.275421 7.560927
4458363280000 1.6377105 2.8733485 7.6982203
4458383156000 1.4023509 2.6968286 8.659272
4458403035000 1.2062179 2.5399222 10.130269
4458422918000 1.2650578 2.5987623 11.189387
4458442804000 1.539644 2.824315 11.640493
4458462693000 1.4415776 3.1871612 11.022675
4458482585000 1.0885382 3.1773546 9.610517
4458502480000 1.1571847 3.3636808 7.9924197
4458522378000 1.7455837 3.9030466 7.149048
4458542273000 2.186883 4.3639593 7.031368
4458562079000 2.520309 4.4326057 7.256921
4458581964000 2.2849493 4.422799 7.60996
4458601780000 1.93191 4.020726 8.718112
4458621598000 1.93191 3.6284604 8.688692
4458641421000 2.0397832 3.412714 9.306511
4458661247000 1.6671305 3.304841 10.267562
4458681078000 0.5099458 2.7066352 10.620602
4458700912000 0.18632634 2.1672697 10.326403
4458720749000 0.9022118 2.5791488 9.502644
4458740589000 1.2258313 3.1871612 8.796565
4458760433000 1.2944778 3.2852278 8.875018
4458780279000 1.2160245 3.049868 9.100571
4458800128000 1.3533176 2.9812214 9.404577
4458819980000 1.5298374 2.9714148 9.100571
4458839835000 1.5592573 3.0106416 8.943665
4458859710000 1.2846711 2.8929617 8.855405
4458879581000 1.2258313 2.7556686 9.041731
4458899445000 1.2552512 2.8341217 8.953471
4458919309000 1.3042845 2.9027684 8.953471
4458939176000 1.3631244 2.7850885 8.884825
4458959045000 1.2258313 2.7948952 9.100571
4458978917000 1.372931 2.9321883 9.15941
4458998790000 1.2944778 2.941995 9.031924
4459018665000 1.2944778 2.9518015 8.914245
4459038543000 1.372931 3.0204482 9.18883
4459058422000 1.1375713 3.0204482 9.443804
4459078303000 0.97085834 2.853735 9.7183895
4459098185000 0.9120184 2.8635418 9.54187
4459118070000 1.1866046 3.079288 9.394771
4459137956000 1.2944778 3.1773546 9.169217
4459157843000 1.1375713 3.0694814 9.179024
4459177732000 0.9610517 2.941995 9.022118
4459197623000 0.8629852 2.8635418 8.894631
4459217515000 0.8629852 2.941995 8.835792
4459237408000 0.9022118 2.9321883 9.296704
4459257259000 0.89240515 2.824315 9.375157
4459277103000 0.8727918 2.9027684 9.68897
4459296950000 0.9022118 2.9027684 9.816457
4459316798000 0.9022118 2.8635418 9.68897
4459336649000 0.98066497 2.941995 9.473224
4459356500000 1.0787314 3.0106416 9.48303
4459376354000 1.2650578 3.0694814 9.522257
4459396210000 1.3827376 3.1283212 9.679163
4459416067000 1.4023509 3.0302548 9.551677
4459435926000 1.4121575 3.0596747 9.54187
4459455787000 1.4317709 2.9714148 9.041731
4459475649000 1.1964113 2.9321883 8.737725
4459495513000 1.1277647 2.824315 8.776952
4459515378000 1.0198916 2.775282 9.071151
4459535245000 0.951245 2.7360554 9.208445
4459555113000 1.0198916 2.7066352 9.316318
4459574983000 1.0198916 2.7556686 9.149604
4459594854000 0.951245 2.8145084 9.316318
4459614726000 0.9414384 2.7948952 9.787037
4459634600000 0.7747253 2.7556686 9.522257
4459654475000 0.9904716 2.9027684 9.404577
4459674351000 1.1669914 3.108708 9.247671
4459694229000 1.1375713 3.1381278 9.306511
4459714108000 1.1375713 3.108708 9.404577
4459733988000 1.0787314 3.0596747 9.375157
4459753869000 0.97085834 2.9714148 9.129991
4459773752000 0.78453195 2.9027684 9.286898
4459793635000 0.8237586 2.8635418 9.414384
4459813520000 0.75511205 2.853735 9.384964
4459833406000 0.69627213 2.7850885 9.218251
4459853277000 0.6472389 2.7066352 9.394771
4459873135000 0.78453195 2.7850885 9.502644
4459893004000 0.88259846 2.8341217 9.375157
4459912871000 0.89240515 2.8929617 9.129991
4459932743000 0.9414384 2.8929617 9.022118
4459952635000 0.9414384 2.941995 9.51245
4459972505000 0.89240515 2.8145084 9.5320635
4459992363000 0.9022118 2.7948952 9.110377
4460012223000 1.0787314 2.941995 8.875018
4460032084000 1.372931 3.0989013 9.277091
4460051946000 1.1179581 2.853735 9.45361
4460071812000 0.9414384 2.7164419 9.228058
4460091680000 1.1081514 2.8341217 9.120184
4460111546000 1.2062179 2.9518015 9.041731
4460131412000 1.0591182 2.8145084 9.4241905
4460151280000 0.951245 2.745862 9.561483
4460171149000 0.8629852 2.7262487 9.620323
4460191019000 1.0983448 2.824315 9.463417
4460210890000 1.1375713 2.9027684 9.306511
4460230762000 1.1375713 2.8929617 9.15941
4460250635000 1.0983448 2.9027684 9.218251
4460270509000 1.147378 2.941995 9.492837
4460290384000 1.2552512 2.941995 9.433997
4460310260000 1.2650578 3.0302548 9.316318
4460330137000 1.4121575 3.049868 9.345737
4460350006000 1.3337044 2.9812214 9.120184
4460369870000 1.2846711 2.9616082 9.139797
4460389750000 1.2552512 2.9812214 9.139797
4460409631000 1.372931 3.0204482 9.404577
4460429513000 1.2944778 2.9518015 9.306511
4460449395000 1.2552512 2.9518015 9.100571
4460469279000 1.4317709 3.0989013 9.296704
4460489163000 1.4415776 3.1283212 9.316318
4460509047000 1.3238977 3.0400615 9.218251
4460528933000 1.1669914 2.941995 9.267284
4460548819000 1.176798 2.9714148 9.45361
4460568706000 1.2944778 2.941995 9.522257
4460588582000 1.176798 2.941995 9.394771
4460608450000 1.0591182 2.853735 9.247671
4460628328000 1.0198916 2.7850885 9.012311
4460648191000 1.1375713 2.8341217 9.100571
4460668055000 1.0787314 2.7850885 9.100571
4460687920000 1.0591182 2.7556686 9.179024
4460707786000 1.1081514 2.8439283 9.022118
4460727652000 1.1375713 2.9714148 9.061344
4460747520000 1.1277647 2.9714148 9.0515375
4460767388000 1.0885382 2.9321883 9.041731
4460787258000 0.98066497 2.9518015 8.933858
4460807128000 1.0591182 2.9714148 9.100571
4460826999000 1.0296983 2.9812214 9.296704
4460846871000 1.0100849 2.941995 9.473224
4460866743000 1.0198916 3.0204482 9.610517
4460886617000 1.0591182 3.0302548 9.620323
4460906491000 1.1669914 3.167548 9.316318
4460926366000 1.3337044 3.334261 9.355544
4460946242000 1.2062179 3.216581 9.267284
4460966118000 1.1375713 3.1381278 9.57129
4460985996000 1.147378 3.0694814 9.561483
4461005874000 1.2258313 3.1381278 9.257478
4461025752000 1.2552512 3.0989013 8.737725
4461045632000 1.1277647 3.0106416 8.737725
4461065512000 0.97085834 2.9223816 8.786758
4461085393000 0.8531785 2.7360554 9.139797
4461105275000 0.74530536 2.7066352 9.296704
4461125157000 0.7354987 2.7066352 9.394771
4461145040000 0.70607877 2.7360554 9.169217
4461164924000 0.78453195 2.7948952 9.286898
4461184808000 0.8237586 2.8635418 9.463417
4461204694000 0.9022118 2.941995 9.60071
4461224579000 0.9414384 3.0106416 9.522257
4461244460000 0.9022118 2.9518015 9.394771
4461264325000 0.9904716 3.0204482 9.129991
4461284190000 0.951245 3.0106416 9.090764
4461304056000 0.93163174 2.9714148 9.2378645
4461323923000 0.6472389 2.8145084 9.68897
4461343790000 0.588399 2.7066352 9.767424
4461363658000 0.5982056 2.6772153 9.610517
4461383527000 0.6276256 2.7360554 9.15941
4461403397000 0.6668522 2.745862 9.414384
4461423267000 0.57859236 2.6968286 9.57129
4461443138000 0.588399 2.5987623 9.639936
4461463010000 0.71588546 2.7164419 9.355544
4461482882000 0.78453195 2.745862 9.296704
4461502756000 0.75511205 2.657602 9.15941
4461522629000 0.78453195 2.6477954 9.247671
4461542504000 0.74530536 2.6183755 9.179024
4461562379000 0.8041453 2.5595355 9.4241905
4461582254000 0.78453195 2.5595355 9.5320635
4461602131000 0.8237586 2.5497289 9.610517
4461622008000 0.74530536 2.5399222 9.757616
4461641885000 0.8629852 2.520309 9.561483
4461661763000 0.93163174 2.6281822 9.45361
4461681642000 0.98066497 2.5987623 9.5320635
4461701522000 0.88259846 2.6281822 9.5320635
4461721402000 0.83356524 2.6183755 9.355544
4461741282000 1.0983448 2.7164419 9.149604
4461761163000 1.0493115 2.7360554 9.169217
4461781045000 0.9022118 2.5497289 9.129991
4461800928000 0.8727918 2.5497289 9.306511
4461820811000 0.9414384 2.5889556 9.433997
4461840694000 0.9414384 2.5595355 9.394771
4461860578000 0.9414384 2.6281822 9.129991
4461880463000 0.98066497 2.6968286 9.080957
4461900347000 0.951245 2.7066352 9.0515375
4461920214000 0.93163174 2.6674087 9.2378645
4461940081000 0.84337187 2.6281822 9.071151
4461959949000 0.83356524 2.657602 8.943665
4461979818000 0.8237586 2.6674087 8.992698
4461999687000 0.78453195 2.6674087 9.306511
4462019556000 0.70607877 2.5791488 9.502644
4462039427000 0.55897903 2.5791488 9.80665
4462059298000 0.5982056 2.5105023 9.679163
4462079169000 0.70607877 2.608569 9.581097
4462099041000 0.74530536 2.7066352 9.277091
4462118914000 0.79433864 2.7066352 9.414384
4462138787000 0.65704554 2.6477954 9.5320635
4462158661000 0.60801226 2.5889556 9.767424
4462178536000 0.92182505 2.8341217 9.796844
4462198411000 1.0296983 2.9321883 9.473224
4462218287000 0.9904716 2.8733485 9.384964
4462238163000 1.0591182 2.8635418 9.649743
4462258039000 1.0198916 2.8145084 9.522257
4462277917000 1.0591182 2.7850885 9.610517
4462297794000 1.0983448 2.7948952 9.551677
4462317673000 1.0983448 2.7360554 9.394771
4462337551000 1.0198916 2.6674087 9.129991
4462357431000 1.0198916 2.5497289 9.404577
4462377311000 1.0296983 2.5791488 9.18883
4462397191000 1.0983448 2.5889556 9.0515375
4462417072000 1.1669914 2.6183755 9.0515375
4462436953000 1.0885382 2.5497289 9.090764
4462456835000 0.98066497 2.5006957 9.129991
4462476718000 0.8629852 2.4222424 9.198637
4462496601000 0.79433864 2.4026291 9.080957
4462516484000 0.8237586 2.4712758 9.139797
4462536368000 0.8237586 2.520309 9.375157
4462556252000 0.79433864 2.5497289 9.610517
4462576137000 0.92182505 2.6674087 9.502644
4462596022000 0.9904716 2.7850885 9.365351
4462615894000 1.1081514 2.824315 9.365351
4462635774000 1.0100849 2.7850885 9.443804
4462655647000 1.0100849 2.6772153 9.2378645
4462675518000 0.951245 2.7066352 9.247671
4462695390000 0.97085834 2.6674087 9.433997
4462715262000 0.9022118 2.6379888 9.60071
4462735135000 1.0296983 2.6772153 9.581097
4462755008000 1.1375713 2.775282 9.433997
4462774881000 1.1081514 2.745862 9.316318
4462794755000 1.1375713 2.7556686 9.365351
4462814630000 1.1375713 2.7164419 9.345737
4462834505000 1.1375713 2.7066352 9.326124
4462854380000 1.176798 2.7164419 9.375157
4462874256000 1.2160245 2.745862 9.365351
4462894133000 1.2062179 2.7360554 9.18883
4462914010000 1.1179581 2.6968286 9.286898
4462933887000 0.97085834 2.5889556 9.316318
4462953765000 0.98066497 2.5889556 9.5320635
4462973643000 1.0100849 2.6379888 9.502644
4462993522000 0.93163174 2.5497289 9.4241905
4463013402000 0.9022118 2.5399222 9.394771
4463033282000 0.9414384 2.520309 9.404577
4463053162000 0.9414384 2.5595355 9.394771
4463073042000 0.9414384 2.5497289 9.48303
4463092923000 0.8237586 2.4614692 9.502644
4463112805000 0.83356524 2.4810824 9.433997
4463132687000 0.9120184 2.5301156 9.335931
4463152569000 1.1375713 2.7164419 9.316318
4463172452000 1.0885382 2.6968286 9.355544
4463192335000 0.9022118 2.608569 9.414384
4463212218000 0.9120184 2.520309 9.228058
4463232103000 0.89240515 2.5889556 9.0515375
4463251987000 0.8629852 2.5693421 9.169217
4463271872000 0.8237586 2.5595355 9.433997
4463291748000 0.9414384 2.6379888 9.77723
4463311619000 0.93163174 2.6281822 9.502644
4463331491000 0.8531785 2.6183755 9.345737
4463351364000 0.78453195 2.5497289 9.335931
4463371237000 0.9022118 2.5497289 9.51245
4463391110000 0.951245 2.5595355 9.60071
4463410984000 0.8531785 2.5399222 9.57129
4463430858000 0.74530536 2.5006957 9.335931
4463450732000 0.78453195 2.4712758 9.306511
4463470607000 0.93163174 2.5497289 9.218251
4463490483000 0.9414384 2.5987623 9.326124
4463510359000 0.93163174 2.5595355 9.414384
4463530235000 0.9414384 2.5987623 9.639936
4463550113000 0.98066497 2.5889556 9.639936
4463569991000 0.83356524 2.5791488 9.48303
4463589869000 0.8629852 2.5889556 9.286898
4463609747000 0.9022118 2.5987623 9.296704
4463629625000 0.8629852 2.6183755 9.404577
4463649504000 0.9022118 2.6183755 9.561483
4463669383000 0.9022118 2.6281822 9.522257
4463689263000 0.8629852 2.6183755 9.738003
4463709143000 0.8629852 2.5595355 9.757616
4463729023000 0.9414384 2.6281822 9.992976
4463748904000 1.0296983 2.6674087 9.934136
4463768785000 1.0591182 2.6674087 9.747809
4463788666000 1.0493115 2.6674087 9.48303
4463808548000 1.0591182 2.6281822 9.414384
4463828431000 1.0100849 2.6183755 9.384964
4463848314000 1.0689248 2.5595355 8.992698
4463868197000 1.1375713 2.6772153 8.816178
4463888080000 1.0591182 2.6379888 9.100571
4463907964000 1.0591182 2.5497289 9.149604
4463927848000 0.98066497 2.6183755 9.120184
4463947733000 0.9022118 2.5595355 8.845598
4463967612000 0.8629852 2.5693421 8.875018
4463987488000 0.8629852 2.6183755 9.208445
4464007368000 0.65704554 2.5006957 9.394771
4464027242000 0.71588546 2.6379888 9.090764
4464047115000 0.84337187 2.8145084 9.18883
4464066990000 0.97085834 2.8635418 9.179024
4464086864000 0.74530536 2.7850885 9.286898
4464106739000 0.6668522 2.745862 9.286898
4464126615000 0.75511205 2.824315 9.247671
4464146490000 0.8727918 2.941995 9.218251
4464166367000 1.0100849 3.0204482 9.65955
4464186243000 0.88259846 2.9223816 9.620323
4464206120000 0.74530536 2.745862 9.551677
4464225998000 0.6668522 2.6968286 9.169217
4464245875000 0.70607877 2.7164419 9.139797
4464265753000 0.78453195 2.745862 9.326124
4464285632000 0.78453195 2.7850885 9.65955
4464305513000 0.8139519 2.745862 9.757616
4464325392000 0.83356524 2.7360554 9.679163
4464345271000 0.9414384 2.7948952 9.443804
4464365151000 0.9904716 2.853735 9.404577
4464385032000 0.951245 2.853735 9.267284
4464404912000 0.93163174 2.775282 9.247671
4464424793000 0.9414384 2.745862 9.257478
4464444675000 0.78453195 2.6968286 9.522257
4464464556000 0.71588546 2.5889556 9.443804
4464484439000 0.78453195 2.6674087 9.522257
4464504321000 0.7747253 2.5497289 9.326124
4464524204000 0.83356524 2.5889556 9.492837
4464544087000 0.9414384 2.6674087 9.522257
4464563970000 0.92182505 2.6968286 9.502644
4464583854000 0.8531785 2.5987623 9.179024
4464603738000 0.9120184 2.6379888 9.365351
4464623623000 0.9022118 2.6281822 9.18883
4464643505000 0.98066497 2.6281822 9.414384
4464663378000 0.8727918 2.5791488 9.306511
4464683252000 0.9414384 2.5497289 9.443804
4464703126000 0.97085834 2.5889556 9.208445
4464723001000 1.0198916 2.5889556 9.355544
4464742876000 1.0983448 2.5889556 9.404577
4464762752000 1.1375713 2.5497289 9.286898
4464782627000 1.1964113 2.6281822 9.228058
4464802503000 1.2944778 2.7066352 9.414384
4464822380000 1.2944778 2.6772153 9.590903
4464842257000 1.4219642 2.7556686 9.86549
4464862134000 1.4906107 2.8145084 9.139797
4464882011000 1.5004175 2.9027684 8.620045
4464901889000 1.5592573 2.9027684 8.325846
4464921768000 1.5298374 2.991028 8.904438
4464941646000 1.4513842 2.9321883 9.4241905
4464961525000 1.4611908 2.991028 9.83607
4464981404000 1.6475172 3.1969678 9.277091
4465001284000 1.9613299 3.4323275 9.120184
4465021163000 2.0005565 3.4911673 9.061344
4465041044000 1.93191 3.5205872 9.002504
4465060924000 1.8828768 3.5303938 8.796565
4465080805000 1.7161638 3.4911673 9.002504
4465100686000 1.5592573 3.4911673 8.561205
4465120567000 1.5690639 3.500974 8.512172
4465140449000 1.6867437 3.5696206 8.463139
4465160331000 1.6082906 3.5990405 8.561205
4465180213000 1.4808041 3.5205872 8.512172
4465200088000 1.3238977 3.6578803 8.776952
4465219970000 1.2552512 3.8442068 8.845598
4465239854000 1.0395049 3.8344 8.727919
4465259737000 0.8139519 3.7657535 8.247393
4465279621000 0.61781895 3.8442068 8.325846
4465299506000 0.3334261 3.7461402 8.610238
4465319390000 -0.00980665 3.5303938 9.031924
4465339264000 -0.1569064 3.5303938 9.012311
4465359147000 -0.1372931 3.5794272 8.737725
4465379022000 0.0 3.6774936 8.178746
4465398897000 -0.0196133 3.6088471 8.237586
4465418773000 -0.0392266 3.5990405 8.188553
4465438649000 -0.10787315 3.4911673 8.1983595
4465458525000 -0.0196133 3.5402005 7.982613
4465478402000 0.28439283 3.697107 7.7962866
4465498279000 0.39226598 3.8344 7.60996
4465518156000 0.40207264 3.7363336 7.806093
4465538034000 0.6668522 3.89324 7.7962866
4465557912000 0.78453195 3.9226599 7.913966
4465577790000 0.9610517 4.0109196 8.0120325
4465597669000 1.2062179 4.344346 8.806372
4465617548000 1.539644 4.0795665 10.081236
4465637428000 1.4709975 4.118793 10.669635
4465657307000 1.3533176 4.0991797 11.983726
4465677187000 0.6864655 3.6186538 14.729588
4465697067000 1.0983448 3.4029074 15.769093
4465716947000 1.8436501 3.667687 14.455002
4465736828000 2.8929617 3.9324665 13.356657
4465756709000 3.4029074 3.9913065 13.650856
4465776590000 2.8439283 3.216581 14.307902
4465796471000 1.4709975 2.3143694 13.9842825
4465816353000 0.8139519 1.7553903 11.9052725
4465836235000 1.1375713 1.8044236 9.54187
4465856118000 0.97085834 2.010363 7.3255672
4465876001000 0.7747253 2.186883 6.796008
4465895884000 0.7256921 2.010363 7.58054
4465915767000 0.61781895 2.0397832 8.953471
4465935651000 0.6374322 1.93191 9.669356
4465955535000 0.8041453 2.0593965 8.982891
4465975419000 0.89240515 2.186883 7.7472534
4465995303000 0.7256921 2.0692031 7.2176943
4466015180000 0.2941995 1.8828768 6.364516
4466035055000 -0.00980665 1.735777 5.266171
4466054931000 -0.1569064 1.7946169 4.226666
4466074807000 -0.19613299 2.0888164 3.9422731
4466094683000 -0.20593965 2.3928225 4.089373
4466114560000 -0.2745862 2.608569 4.452219
4466134437000 -0.69627213 2.8635418 4.422799
4466154314000 -0.88259846 3.079288 5.550564
4466174191000 -0.5982056 3.3244543 6.9038815
4466194069000 -0.56878567 3.304841 7.8845463
4466213947000 0.0588399 3.7069137 8.875018
4466233825000 1.2454445 4.275699 11.169774
4466253704000 1.8044236 4.501252 15.494507
4466273582000 1.1277647 3.108708 18.31882
4466293462000 1.6769371 2.010363 16.641884
4466313341000 2.3143694 3.1479347 14.592295
4466333221000 2.4614692 3.3931007 14.935528
4466353101000 1.9417167 2.8047018 15.504313
4466372981000 1.7259704 2.1770763 12.797678
4466392861000 1.8926834 1.8436501 9.48303
4466412742000 2.2261095 1.9613299 8.070872
4466432623000 2.7654753 2.0495899 8.472945
4466452504000 2.7066352 2.2457228 8.443525
4466472386000 2.853735 2.6183755 8.208166
4466492268000 3.0106416 3.1479347 7.4334407
4466512150000 2.5105023 3.246001 6.1487694
4466532032000 1.5494506 2.9223816 4.785645
4466551915000 0.8531785 2.8635418 4.4424124
4466571798000 0.951245 2.941995 5.0210047
4466591681000 1.0493115 2.941995 5.2465577
4466611561000 1.0689248 2.8635418 5.011198
4466631442000 1.0493115 2.775282 4.8248715
4466651326000 0.93163174 2.7360554 5.8153434
4466671199000 0.8139519 2.6772153 7.384407
4466691071000 0.84337187 2.6183755 8.610238
4466710950000 1.3140911 2.775282 8.208166
4466730827000 1.539644 3.3244543 6.7371683
4466750703000 1.6180972 3.86382 6.0899296
4466770584000 1.5592573 4.167826 7.109821
4466790469000 1.5690639 4.275699 8.649466
4466810355000 1.5298374 4.393379 10.954028
4466830242000 1.8730701 4.1384063 14.915915
4466850128000 2.186883 3.7853668 14.837461
4466870015000 2.4026291 4.6679654 11.9052725
4466889902000 2.991028 5.933023 14.366742
4466909790000 3.0694814 4.864098 19.064127
4466929677000 0.588399 2.3045628 16.573238
4466949565000 0.34323275 1.6377105 13.05265
4466969453000 1.4415776 2.6772153 10.895188
4466989341000 1.7161638 3.0890946 10.0910425
4467009230000 1.8044236 2.687022 10.699055
4467029120000 1.6279038 2.4516625 11.061901
4467049009000 1.0689248 1.9809432 9.590903
4467068898000 0.69627213 1.6769371 7.5511203
4467088788000 0.5099458 1.6082906 6.7273617
4467108678000 0.83356524 1.8240368 7.9728065
4467128568000 0.7649187 1.7750036 8.590625
4467148458000 0.46091253 1.3631244 7.6197667
4467168348000 0.24516624 1.5886773 5.776117
4467188239000 0.7256921 2.0005565 4.452219
4467208129000 1.0983448 2.490889 3.8245933
4467228020000 0.9022118 2.8439283 3.4029074
4467247912000 0.5491724 2.941995 4.001113
4467267803000 0.098066494 2.9714148 5.266171
4467287695000 -0.17651969 2.7850885 5.9526362
4467307587000 -0.0784532 2.745862 6.943108
4467327479000 1.1964113 3.0989013 8.816178
4467347371000 1.8142302 4.177633 9.89491
4467367264000 2.0790098 4.628739 11.758173
4467387151000 3.0596747 4.285506 15.180694
4467407040000 3.412714 3.9128532 17.014538
4467426928000 3.3538742 4.7464185 16.641884
4467446813000 2.5693421 5.060231 15.4847
4467466699000 1.5200307 3.86382 13.87641
4467486585000 0.78453195 3.2558076 10.532342
4467506471000 1.4906107 3.304841 8.080679
4467526357000 2.2849493 3.1773546 8.875018
4467546243000 2.010363 2.098623 10.875574
4467566130000 1.7553903 1.2356379 12.326959
4467586017000 1.8534569 1.2356379 11.248227
4467605904000 2.5006957 2.1966896 8.129713
4467625792000 2.7360554 2.775282 4.864098
4467645679000 2.186883 2.8145084 2.8341217
4467665567000 1.2846711 2.6968286 2.265336
4467685455000 0.4707192 2.4222424 2.8929617
4467705343000 0.32361946 2.4614692 4.0501466
4467725232000 0.8041453 3.1773546 5.187718
4467745121000 1.9809432 3.9128532 5.295591
4467765010000 1.8926834 4.1089864 5.2465577
4467784899000 1.4023509 4.020726 6.1978025
4467804788000 1.8534569 4.403186 8.884825
4467824678000 2.1966896 4.6385455 10.689248
4467844568000 2.0201697 4.5208654 11.601267
4467864458000 1.9613299 4.4914455 11.493394
4467884348000 0.75511205 4.422799 9.92433
4467904238000 1.2160245 5.070038 10.640215
4467924132000 2.2457228 5.1975245 13.042844
4467944031000 1.735777 4.6189322 11.9052725
4467963930000 1.7651969 5.344624 10.934415
4467983829000 3.8245933 6.894075 13.288011
4468003728000 4.197246 6.521422 15.239533
4468023628000 0.65704554 4.1580195 16.720337
4468043527000 1.2748644 3.8442068 14.435389
4468063422000 2.0593965 4.256086 10.542149
4468083318000 1.6769371 4.0403395 9.502644
4468103213000 1.3337044 3.3734875 8.512172
4468123106000 0.5295591 3.1479347 8.855405
4468142999000 -0.18632634 2.3928225 9.54187
4468162892000 -0.098066494 2.1378496 9.581097
4468182785000 0.4511059 2.3437893 8.345459
4468202679000 0.6766588 2.3928225 6.5998755
4468222573000 0.74530536 2.1084297 5.236751
4468242467000 0.6374322 1.8730701 4.785645
4468262361000 0.00980665 1.6279038 5.060231
4468282255000 -0.40207264 1.4513842 4.6189322
4468302150000 -0.46091253 1.6279038 4.2953124
4468322044000 -0.44129923 2.0201697 4.1580195
4468341939000 -0.2941995 2.5105023 3.7461402
4468361834000 0.6276256 3.2852278 4.932745
4468381730000 1.0100849 3.9520798 6.1193495
4468401625000 1.5592573 4.452219 8.306232
4468421521000 1.7161638 4.8052583 9.581097
4468441417000 1.4415776 5.1582975 9.885103
4468461313000 1.5494506 5.5897903 10.071429
4468481209000 2.353596 5.462304 10.659828
4468501106000 2.7164419 4.7758384 11.032481
4468521003000 2.3339827 4.6679654 14.327516
4468540900000 1.6377105 4.4718323 17.799068
4468560797000 0.8139519 3.9618864 18.740507
4468580694000 1.0296983 3.8736267 13.08207
4468600592000 1.5690639 3.80498 9.228058
4468620490000 1.7259704 3.4029074 7.590347
4468640387000 1.6082906 3.9226599 6.413549
4468660285000 2.687022 3.80498 7.1294346
4468680184000 3.2361944 4.275699 7.472667
4468700082000 3.2263877 4.6385455 7.8551264
4468719981000 2.3437893 4.1285996 7.3157606
4468739876000 1.3140911 3.5402005 6.413549
4468759768000 0.6374322 3.079288 5.5897903
4468779660000 0.30400613 2.9812214 4.9229383
4468799552000 0.18632634 2.9714148 5.1582975
4468819444000 0.20593965 3.4029074 5.9526362
4468839337000 0.6374322 3.89324 6.8156214
4468859229000 0.8041453 3.9324665 7.021561
4468879122000 -0.098066494 3.5794272 7.6589932
4468899015000 -0.4707192 3.4813607 8.296426
4468918909000 -0.0784532 4.2364726 8.845598
4468938802000 0.0392266 4.7169986 9.208445
4468958696000 -0.65704554 4.903325 10.689248
4468978589000 -0.36284605 5.0013914 10.7578945
4468998483000 -0.19613299 5.011198 11.934692
4469018378000 -0.55897903 4.6189322 13.49395
4469038272000 -0.42168593 4.785645 10.424469
4469058167000 1.1081514 6.5018086 10.100849
4469078061000 2.2064962 7.7472534 11.669913
4469097956000 1.9515233 7.384407 13.474337
4469117852000 0.6472389 5.8055367 14.307902
4469137747000 -0.19613299 4.677772 13.43511
4469157642000 -0.06864655 4.3541527 11.061901
4469177538000 -0.12748645 4.089373 9.590903
4469197434000 -0.48052585 3.4519408 9.649743
4469217330000 -0.5001391 3.246001 9.277091
4469237226000 -0.38245934 2.8929617 8.806372
4469257123000 -0.39226598 2.5889556 7.9335794
4469277019000 -0.1372931 2.5497289 6.4821954
4469296916000 0.28439283 2.5791488 5.0308113
4469316813000 0.44129923 2.3928225 4.275699
4469336710000 0.48052585 2.2849493 3.7755601
4469356607000 0.60801226 2.608569 3.4813607
4469376505000 0.79433864 2.7556686 3.500974
4469396402000 1.147378 3.0106416 3.500974
4469416299000 0.88259846 3.1773546 3.383294
4469436190000 0.40207264 3.049868 4.285506
4469456081000 -0.14709975 2.9812214 5.67805
4469475973000 -0.16671304 3.2558076 7.0705943
4469495864000 0.14709975 3.726527 8.767145
4469515756000 0.46091253 3.8736267 10.728475
4469535648000 1.2356379 4.481639 11.307067
4469555541000 1.6180972 5.1975245 12.258312
4469575433000 0.83356524 4.2953124 13.307624
4469595326000 0.56878567 3.5794272 14.219642
4469615220000 1.5298374 4.677772 14.906108
4469635113000 2.1672697 5.76631 16.906664
4469655006000 1.6965504 4.864098 16.004452
4469674899000 1.6965504 4.589512 12.562319
4469694793000 1.9417167 4.5208654 10.071429
4469714687000 2.3732092 4.4326057 8.8652115
4469734581000 2.775282 4.4129925 8.963278
4469754475000 2.5006957 4.256086 8.806372
4469774369000 2.3830159 4.1580195 8.217973
4469794264000 2.3732092 4.148213 7.031368
4469814158000 1.6965504 3.8147867 5.76631
4469834053000 0.84337187 3.2263877 4.8052583
4469853948000 -0.0196133 2.941995 4.089373
4469873843000 -0.20593965 2.991028 3.7069137
4469893738000 -0.19613299 3.2263877 3.6873002
4469913634000 0.0392266 3.334261 5.011198
4469933529000 -0.049033247 3.2067745 6.207609
4469953425000 -0.0784532 3.108708 7.0902076
4469973321000 0.32361946 3.4617474 7.7668667
4469993217000 0.37265268 3.89324 8.708305
4470013114000 0.00980665 4.0501466 9.561483
4470033010000 -0.48052585 4.344346 9.747809
4470052907000 -0.5491724 5.060231 9.522257
4470072803000 -0.32361946 5.6192102 10.434276
4470092700000 0.0588399 6.1683826 11.866046
4470112591000 0.0196133 6.099736 13.131104
4470132482000 0.2353596 6.021283 10.512729
4470152373000 1.9613299 8.051259 11.454167
4470172264000 3.7657535 9.492837 13.84699
4470192155000 2.2751427 7.737447 16.269232
4470212047000 -0.98066497 4.6091256 15.0237875
4470231939000 -1.2552512 3.4813607 12.130826
4470251831000 -0.49033248 4.1285996 9.60071
4470271723000 -0.098066494 4.0501466 8.433719
4470291617000 -0.12748645 3.559814 8.335652
4470311510000 -0.3138128 3.3146477 9.2378645
4470331402000 -0.2549729 2.9812214 8.884825
4470351295000 -0.0196133 2.8439283 7.9728065
4470371188000 0.0784532 2.5105023 7.119628
4470391081000 0.17651969 2.3143694 6.2468357
4470410974000 0.4314926 2.2064962 5.570177
4470430868000 0.4118793 2.1770763 4.7954516
4470450761000 0.06864655 1.9122967 3.6873002
4470470655000 0.0 2.1574628 3.471554
4470490549000 0.18632634 2.8439283 3.246001
4470510443000 0.19613299 3.0596747 3.8540134
4470530337000 -0.06864655 3.2067745 4.3639593
4470550232000 0.12748645 3.7069137 5.315204
4470570126000 0.60801226 4.1874394 6.4527755
4470590021000 1.3827376 4.981778 8.16894
4470609916000 1.176798 5.4328837 9.2378645
4470629811000 0.5491724 5.5309505 10.355823
4470649706000 0.098066494 5.85457 11.640493
4470669602000 1.4709975 5.903603 11.9052725
4470689497000 2.0299766 6.384129 14.200028
4470709393000 1.8632635 6.4037423 16.288845
4470729289000 1.0591182 5.6682434 17.91675
4470749185000 0.3138128 4.5993185 15.6906395
4470769081000 0.6766588 4.560092 11.159967
4470788972000 0.9610517 4.403186 8.394492
4470808863000 1.4709975 4.2070527 7.60996
4470828757000 1.8926834 3.9030466 7.72764
4470848649000 2.2261095 3.8245933 7.2667274
4470868540000 2.5399222 3.9128532 6.266449
4470888431000 2.7948952 4.2070527 5.3544307
4470908322000 2.4124358 4.1089864 4.785645
4470928214000 1.6867437 3.86382 4.2953124
4470948105000 0.92182505 3.5696206 4.3835726
4470967997000 0.44129923 3.5402005 4.5993185
4470987889000 0.26477954 3.5303938 5.4524975
4471007781000 0.18632634 3.4323275 6.1978025
4471027673000 -0.30400613 3.1381278 6.8450418
4471047566000 -0.51975244 3.0989013 7.72764
4471067458000 -0.5982056 3.304841 8.463139
4471087351000 -0.93163174 3.471554 8.884825
4471107244000 -1.4317709 3.6186538 8.914245
4471127137000 -1.9417167 3.9324665 9.071151
4471147030000 -2.098623 4.324733 8.953471
4471166923000 -1.8436501 4.991585 9.885103
4471186817000 -0.6864655 5.933023 11.76798
4471206711000 0.0588399 6.5018086 13.268397
4471226604000 0.37265268 6.697942 11.209001
4471246498000 1.8632635 8.580818 11.875853
4471266393000 3.471554 9.98317 13.6900835
4471286287000 2.0005565 8.227779 15.729866
4471306181000 -1.0100849 4.991585 14.847268
4471326076000 -1.0296983 4.3541527 11.73856
4471345971000 0.4511059 5.070038 9.86549
4471365866000 1.2160245 4.844485 8.0120325
4471385761000 0.9120184 4.285506 7.4628606
4471405656000 0.22555295 3.8147867 8.286619
4471425551000 -0.18632634 3.3931007 8.649466
4471445443000 -0.44129923 3.1283212 8.002226
4471465336000 -0.5491724 2.8929617 7.168661
4471485232000 -0.5393657 2.6968286 6.207609
4471505128000 -0.44129923 2.5301156 5.325011
4471525020000 -0.3138128 2.4026291 4.2462792
4471544911000 -0.35303938 2.5399222 3.8736267
4471564802000 -0.3334261 2.6379888 3.5402005
4471584692000 -0.24516624 2.7948952 3.5205872
4471604583000 -0.51975244 2.941995 3.6088471
4471624475000 -0.44129923 3.412714 4.422799
4471644366000 0.1372931 4.167826 5.3642373
4471664258000 0.8727918 5.0504246 7.2667274
4471684149000 1.3042845 5.6878567 9.522257
4471704041000 1.176798 5.8643765 11.630687
4471723933000 1.0198916 6.3743224 13.08207
4471743825000 0.92182505 6.7371683 13.84699
4471763717000 1.4611908 6.354709 13.886216
4471783610000 1.0885382 5.70747 14.121575
4471803502000 0.74530536 5.393657 15.435667
4471823395000 0.57859236 4.726805 17.053764
4471843285000 0.65704554 4.001113 13.9842825
4471863175000 1.2846711 3.8245933 10.542149
4471883068000 1.6279038 3.3146477 8.149326
4471902961000 2.2359161 3.1381278 6.4723887
4471922854000 2.912575 3.304841 5.4132705
4471942748000 2.853735 3.4323275 5.64863
4471962642000 2.5987623 3.5892339 6.609682
4471982535000 2.098623 3.5696206 6.5312285
4472002429000 1.9515233 3.667687 5.7270837
4472022324000 1.7848103 3.971693 4.530672
4472042218000 1.2748644 4.001113 4.167826
4472062112000 0.7649187 4.06976 3.86382
4472082005000 0.2941995 4.0403395 3.8834333
4472101895000 -0.4314926 3.971693 5.3053975
4472121790000 -0.84337187 4.1285996 7.590347
4472141685000 -0.28439283 4.6973853 9.257478
4472161578000 -0.22555295 4.981778 9.355544
4472181469000 -0.56878567 4.932745 8.855405
4472201362000 -1.0591182 5.011198 7.75706
4472221252000 -1.7455837 4.8935184 7.8747396
4472241142000 -1.5788707 5.3053975 9.394771
4472261033000 -0.60801226 6.00167 11.189387
4472280923000 0.37265268 6.688135 12.817291
4472300814000 0.35303938 6.8058147 12.375992
4472320705000 -0.2549729 6.9921412 12.719225
4472340596000 -0.6472389 7.227501 13.542983
4472360487000 -0.61781895 6.835235 15.3179865
4472380379000 -0.06864655 6.129156 14.994368
4472400270000 0.70607877 5.8447633 12.346572
4472420162000 1.1669914 5.7859235 9.463417
4472440053000 0.70607877 5.2857842 7.2078876
4472459946000 0.34323275 5.2857842 6.972528
4472479838000 -0.18632634 4.815065 7.560927
4472499730000 -0.10787315 4.3345394 8.16894
4472519622000 0.2941995 4.148213 7.923773
4472539515000 0.74530536 3.8344 7.109821
4472559407000 0.74530536 3.3244543 6.2566423
4472579300000 0.6766588 3.1185145 5.011198
4472599193000 0.84337187 3.1283212 4.511059
4472619086000 1.0493115 3.5107806 4.089373
4472638979000 1.147378 3.86382 4.0501466
4472658873000 0.74530536 3.9815 4.344346
4472678766000 0.19613299 3.8736267 4.677772
4472698660000 -0.4511059 3.8540134 5.7172766
4472718554000 -0.6668522 4.1089864 7.3746004
4472738448000 -0.4511059 4.5698986 8.669079
4472758342000 0.6864655 5.0308113 9.267284
4472778236000 1.1866046 5.4819174 8.502365
4472798130000 1.5004175 5.9428296 8.463139
4472818024000 1.4219642 5.7859235 11.228614
4472837913000 1.3140911 5.1582975 13.08207
4472857802000 2.098623 5.599597 13.660663
4472877692000 2.657602 6.9038815 12.905551
4472897582000 1.6769371 6.442969 12.964391
4472917472000 -0.1176798 4.9229383 10.777508
4472937362000 -0.8727918 4.3149257 8.698499
4472957252000 -0.9414384 4.403186 7.943386
4472977142000 -0.5099458 4.4326057 6.8450418
4472997033000 0.5393657 4.560092 8.325846
4473016924000 1.6867437 5.0308113 9.306511
4473036814000 2.186883 4.991585 8.355266
4473056705000 2.1574628 4.6973853 6.3449025
4473076596000 2.1574628 4.422799 4.6385455
4473096488000 1.7259704 3.9422731 4.1285996
4473116379000 0.69627213 3.471554 4.275699
4473136270000 -0.098066494 3.334261 3.9030466
4473156162000 0.0 3.6873002 4.001113
4473176054000 0.5393657 4.393379 3.9030466
4473195946000 1.2258313 5.1582975 5.060231
4473215838000 1.735777 5.776117 6.550842
4473235730000 1.1081514 5.570177 8.061066
4473255622000 -0.16671304 4.756225 10.238142
4473275515000 -0.4511059 4.864098 11.307067
4473295407000 0.18632634 5.9134097 9.826263
4473315300000 0.6864655 6.6292953 8.521978
4473335188000 0.8531785 7.2176943 9.384964
4473355080000 0.2157463 6.6489086 12.729032
4473374973000 -0.3334261 5.8447633 13.042844
4473394866000 0.70607877 6.746975 10.061623
4473414760000 1.7946169 7.737447 10.365629
4473434653000 1.0689248 7.335374 13.189944
4473454547000 0.34323275 5.85457 13.013424
4473474441000 0.44129923 4.8248715 11.3561
4473494335000 0.2549729 4.4424124 9.394771
4473514229000 0.10787315 4.6091256 7.2667274
4473534123000 0.0392266 4.7464185 6.864655
4473554012000 0.49033248 4.9523582 9.090764
4473573902000 0.92182505 4.815065 11.209001
4473593791000 1.0689248 4.4326057 10.5715685
4473613681000 1.2650578 3.9913065 8.472945
4473633571000 1.7455837 4.030533 6.609682
4473653461000 2.186883 4.001113 4.736612
4473673353000 0.8629852 3.3538742 4.628739
4473693243000 -0.19613299 2.6674087 4.4424124
4473713134000 0.06864655 3.1381278 4.020726
4473733024000 0.5393657 4.06976 3.5402005
4473752915000 0.588399 4.5208654 3.9030466
4473772806000 0.55897903 4.8052583 4.7758384
4473792697000 0.8041453 5.1582975 6.6783285
4473812588000 1.2748644 5.540757 8.698499
4473832479000 1.6180972 5.6976633 9.443804
4473852371000 1.539644 5.6976633 9.943943
4473872262000 1.0395049 5.6878567 10.846154
4473892154000 1.1081514 5.8447633 11.807206
4473912046000 2.0299766 6.099736 12.621159
4473931937000 2.2555294 6.492002 12.964391
4473951830000 1.6377105 6.3449025 13.601823
4473971722000 0.1176798 5.521144 13.954863
4473991614000 -0.61781895 4.8542914 10.561762
4474011506000 -0.6668522 4.648352 7.9335794
4474031399000 -0.49033248 4.579705 6.3154826
4474051292000 0.61781895 5.1288776 6.8744617
4474071185000 1.4611908 5.3544307 7.894353
4474091078000 1.5298374 5.089651 7.8747396
4474110971000 1.3533176 5.011198 7.384407
4474130864000 0.8041453 4.5698986 7.001948
4474150757000 0.4511059 4.305119 5.5603704
4474170651000 0.26477954 4.275699 4.3639593
4474190544000 0.32361946 4.285506 4.226666
4474210438000 0.48052585 4.4424124 4.726805
4474230328000 0.61781895 4.501252 5.344624
4474250217000 0.20593965 4.344346 5.64863
4474270106000 -0.2941995 4.3835726 6.560649
4474289996000 -0.34323275 4.707192 7.6491866
4474309885000 0.6864655 5.776117 8.531785
4474329775000 0.5393657 6.1487694 8.669079
4474349665000 -0.36284605 5.874183 8.482752
4474369555000 -1.0395049 5.8937964 9.208445
4474389445000 -1.1081514 6.1683826 9.973363
4474409335000 -0.55897903 6.7567816 11.032481
4474429225000 -0.0588399 7.001948 11.071708
4474449116000 0.4118793 7.404021 10.012589
4474469007000 -0.10787315 7.5707335 10.355823
4474488897000 -0.7256921 6.796008 13.003617
4474508788000 -2.0201697 5.521144 16.112326
4474528679000 -1.3925443 4.6679654 14.513842
4474548570000 0.10787315 5.2857842 10.238142
4474568462000 0.57859236 5.2759776 7.394214
4474588353000 -0.0392266 4.707192 6.5018086
4474608245000 -0.8139519 3.6873002 7.6197667
4474628136000 -0.69627213 3.275421 8.776952
4474648028000 0.4511059 3.5794272 8.286619
4474667920000 1.147378 3.7461402 6.5704556
4474687812000 1.1669914 3.412714 5.0994577
4474707704000 0.70607877 2.7556686 4.001113
4474727597000 0.2941995 2.441856 3.4813607
4474747489000 -0.0392266 2.4614692 3.6774936
4474767382000 0.0196133 2.4614692 4.0991797
4474787274000 0.7256921 3.216581 3.8245933
4474807167000 1.0100849 3.8442068 3.7559469
4474827060000 0.5982056 3.7755601 4.2070527
4474846953000 0.0588399 4.177633 4.305119
4474866846000 0.20593965 4.4424124 6.1389627
4474886739000 0.46091253 4.756225 9.335931
4474906633000 1.0787314 6.1683826 11.630687
4474926526000 1.6279038 7.6001534 12.2779255
4474946417000 2.098623 8.119906 13.601823
4474966306000 1.9417167 7.423634 15.0237875
4474986195000 0.55897903 6.2762556 16.985117
4475006085000 -0.1176798 5.874183 17.406803
4475025974000 -0.098066494 5.491724 17.426416
4475045864000 -0.2353596 4.5993185 13.84699
4475065754000 0.19613299 4.167826 10.346016
4475085644000 0.6766588 3.7853668 7.6982203
4475105534000 0.74530536 3.471554 6.972528
4475125424000 0.4118793 2.991028 7.5217004
4475145314000 0.35303938 2.7948952 7.198081
4475165205000 1.0983448 3.2950344 5.9526362
4475185095000 1.5690639 3.8736267 4.677772
4475204986000 1.4317709 4.118793 4.148213
4475224877000 0.8041453 3.9913065 4.481639
4475244768000 0.28439283 3.7853668 5.119071
4475264659000 -0.28439283 3.500974 5.8349566
4475284550000 -0.38245934 3.89324 6.099736
4475304442000 -0.4118793 4.089373 6.4233556
4475324333000 -0.5099458 4.373766 6.923495
4475344225000 -0.5491724 4.5502853 7.482474
4475364116000 -0.8629852 4.658159 8.610238
4475384008000 -1.3631244 4.579705 9.787037
4475403900000 -1.6573238 4.6091256 10.640215
4475423792000 -1.1964113 5.374044 9.728196
4475443684000 -0.89240515 6.021283 9.267284
4475463576000 -0.8139519 6.109543 9.787037
4475483469000 -1.372931 5.7859235 11.287454
4475503361000 -1.3533176 5.88399 11.944499
4475523254000 0.48052585 7.531507 11.228614
4475543147000 2.1966896 9.012311 11.777786
4475563040000 2.0593965 8.747532 13.415497
4475582933000 -0.10787315 6.717555 13.739117
4475602826000 -1.3238977 4.726805 12.542705
4475622719000 -0.65704554 4.530672 9.767424
4475642610000 0.35303938 4.8248715 8.031646
4475662499000 0.6864655 4.9523582 7.0902076
4475682389000 0.6668522 4.589512 7.2961473
4475702277000 0.16671304 3.8147867 7.482474
4475722163000 -0.4314926 3.0204482 7.2667274
4475742052000 -1.2356379 2.2359161 6.6783285
4475761942000 -1.1866046 1.9417167 6.1389627
4475781832000 -0.51975244 2.1378496 5.148491
4475801721000 0.02941995 2.4614692 3.8245933
4475821611000 0.1372931 2.608569 4.0991797
4475841502000 -0.34323275 2.4810824 4.5993185
4475861392000 0.22555295 3.1381278 4.903325
4475881282000 0.79433864 3.6284604 4.8542914
4475901173000 0.71588546 3.971693 4.932745
4475921063000 0.2157463 3.86382 6.109543
4475940954000 0.0196133 4.452219 6.6587152
4475960845000 0.6276256 5.217138 7.590347
4475980736000 0.78453195 6.021283 9.120184
4476000627000 0.8629852 6.0703163 10.797121
4476020518000 0.9120184 6.3154826 13.072264
4476040409000 1.3337044 6.4233556 14.817848
4476060301000 1.6082906 6.492002 15.975033
4476080192000 1.4709975 6.688135 15.288567
4476100084000 0.51975244 5.79573 16.122131
4476119976000 -0.49033248 4.589512 14.6511345
4476139868000 -0.56878567 3.9128532 10.885382
4476159760000 0.0784532 3.9226599 8.620045
4476179652000 0.9904716 4.0403395 7.678607
4476199544000 1.6965504 3.7755601 8.129713
4476219436000 1.93191 3.4421341 7.864933
4476239329000 2.265336 3.5794272 6.9627213
4476259221000 2.294756 3.7167203 5.3053975
4476279114000 1.7848103 3.4421341 4.452219
4476299006000 1.2650578 3.3734875 3.3734875
4476318895000 0.78453195 3.412714 2.7262487
4476338787000 0.7256921 3.6774936 3.0890946
4476358676000 0.4511059 4.030533 4.4424124
4476378565000 0.06864655 4.177633 5.3642373
4476398454000 0.0 4.5404787 6.560649
4476418343000 0.2745862 5.0210047 7.050981
4476438232000 0.8237586 5.7859235 7.6884136
4476458122000 0.75511205 6.050703 8.708305
4476478012000 0.32361946 6.2860627 9.110377
4476497901000 0.32361946 6.6292953 9.639936
4476517791000 0.16671304 7.0117545 10.444082
4476537681000 -0.00980665 7.0705943 11.601267
4476557571000 0.55897903 7.5511203 12.729032
4476577462000 0.9120184 7.982613 12.199472
4476597352000 1.0983448 8.031646 10.630408
4476617243000 1.147378 8.767145 10.846154
4476637133000 1.2944778 8.472945 12.729032
4476657024000 0.6766588 7.58054 14.945334
4476676915000 -0.57859236 5.599597 15.151274
4476696805000 -0.4707192 4.6385455 12.238699
4476716697000 0.24516624 4.9131317 9.375157
4476736588000 0.84337187 4.932745 6.9823346
4476756479000 0.71588546 4.511059 7.080401
4476776370000 0.42168593 3.9422731 7.3255672
4476796262000 0.39226598 3.5107806 7.3157606
4476816153000 0.2549729 2.941995 6.5116153
4476836045000 0.06864655 2.4222424 5.5309505
4476855937000 -0.02941995 2.0495899 4.677772
4476875829000 0.24516624 1.99075 3.638267
4476895721000 0.8041453 2.3928225 2.5399222
4476915613000 0.26477954 2.432049 1.8926834
4476935505000 -0.56878567 2.3143694 2.4222424
4476955393000 -1.0885382 2.3437893 2.8439283
4476975282000 -0.9904716 2.608569 2.9321883
4476995170000 -0.3334261 3.2950344 3.500974
4477015062000 0.7354987 4.2462792 5.423077
4477034951000 1.3140911 4.9523582 7.080401
4477054840000 1.3533176 5.325011 10.346016
4477074729000 1.1277647 6.413549 12.866324
4477094618000 0.6766588 7.1294346 13.268397
4477114508000 0.6668522 6.5116153 13.572403
4477134397000 1.8044236 6.7371683 14.572681
4477154286000 2.2555294 7.384407 14.925721
4477174176000 1.9221034 7.227501 16.053486
4477194065000 0.4511059 6.0114765 14.425582
4477213955000 -0.28439283 5.1386843 10.296982
4477233845000 -0.18632634 4.5698986 8.208166
4477253735000 0.57859236 4.628739 7.4334407
4477273625000 1.372931 4.6091256 7.7472534
4477293515000 1.8534569 4.256086 7.3255672
4477313405000 1.7848103 3.9128532 6.766588
4477333296000 1.539644 3.7461402 5.7368903
4477353186000 0.83356524 3.3538742 5.236751
4477373077000 0.38245934 3.304841 4.9229383
4477392968000 0.4314926 3.5990405 4.8248715
4477412858000 0.49033248 3.9324665 4.1089864
4477432749000 0.26477954 4.2168593 4.560092
4477452640000 -0.06864655 4.511059 5.423077
4477472532000 -0.7256921 4.2953124 6.7371683
4477492423000 -1.4121575 4.305119 7.982613
4477512314000 -2.4810824 3.6480737 9.443804
4477532206000 -2.520309 4.167826 9.92433
4477552098000 -1.2944778 6.266449 9.365351
4477571989000 -0.98066497 6.913688 9.257478
4477591881000 -2.3634026 6.2762556 11.159967
4477611770000 -2.0790098 6.746975 12.071986
4477631660000 -1.1081514 7.335374 13.101684
4477651552000 -1.1081514 6.462582 12.689805
4477671445000 -0.12748645 6.9627213 11.6110735
4477691334000 1.2356379 8.100293 12.425025
4477711222000 1.1571847 7.9041595 14.494228
4477731111000 0.17651969 6.413549 14.455002
4477750999000 0.34323275 4.834678 12.4642515
4477770889000 0.1372931 3.7559469 10.110656
4477790778000 0.28439283 3.6873002 8.306232
4477810667000 0.5491724 3.667687 8.443525
4477830556000 0.1569064 2.8635418 8.904438
4477850445000 0.1176798 2.432049 9.149604
4477870335000 0.6276256 2.2457228 8.472945
4477890225000 0.8531785 2.3045628 6.688135
4477910114000 1.0296983 2.2849493 5.5015306
4477930004000 0.9610517 2.5399222 4.2070527
4477949894000 1.0395049 2.5301156 4.4129925
4477969783000 1.2356379 2.2849493 5.403464
4477989673000 0.57859236 2.1574628 6.3154826
4478009564000 -0.098066494 2.1476562 5.9526362
4478029454000 0.28439283 3.412714 4.393379
4478049344000 1.4808041 4.677772 3.6088471
4478069234000 1.0002782 4.932745 5.0994577
4478089126000 -0.049033247 4.560092 6.8450418
4478109017000 0.40207264 5.325011 7.1588545
4478128907000 0.20593965 5.599597 8.894631
4478148798000 0.4118793 5.3348174 10.404856
4478168689000 0.5982056 5.7859235 12.856518
4478188580000 2.1966896 5.903603 13.08207
4478208472000 2.1476562 5.1779113 13.366464
4478228363000 3.4323275 6.364516 9.365351
4478248254000 0.1372931 5.2465577 15.523927
4478268146000 -1.5200307 2.5987623 17.642162
4478288037000 0.5393657 1.706357 13.513563
4478307929000 3.4225209 3.3636808 9.581097
4478327821000 3.7363336 4.8248715 7.708027
4478347713000 0.9610517 2.3928225 10.002783
4478367605000 0.088259846 0.39226598 10.100849
4478387494000 0.6864655 0.32361946 8.953471
4478407383000 0.19613299 2.0692031 7.835513
4478427271000 1.2258313 3.4519408 5.570177
4478447160000 1.6180972 3.8245933 5.0504246
4478467048000 1.3238977 3.3440676 5.962443
4478486937000 1.3533176 3.1283212 7.72764
4478506826000 0.70607877 2.5987623 7.0902076
4478526716000 0.48052585 2.6281822 6.1487694
4478546607000 -0.28439283 2.1574628 5.403464
4478566496000 -0.74530536 3.8540134 5.8349566
4478586386000 2.9812214 4.3835726 6.5018086
4478606275000 3.4813607 5.9134097 7.6001534
4478626165000 1.9613299 4.2462792 10.100849
4478646054000 -0.02941995 3.275421 11.140354
4478665944000 -1.0198916 3.8147867 10.434276
4478685834000 -1.0395049 4.089373 10.973641
