4464345271000 52.508644999999994 13.372026666666667 322.1000061035156 0.611862301826477 12.0 78.8 
4465597669000 52.508644999999994 13.372026666666667 322.1000061035156 0.34449389576911926 12.0 78.8 
4466591681000 52.508644999999994 13.372026666666667 322.1000061035156 0.802105188369751 12.0 78.8 
4467665567000 52.50864333333334 13.372051666666668 109.08000183105469 1.3265585899353027 12.0 79.7 
4468580694000 52.50864833333333 13.372066666666667 109.08000183105469 0.8895140886306763 12.0 79.4 
4469575433000 52.50865999999999 13.372074999999999 109.08000183105469 0.802105188369751 12.0 78.4 
4471047566000 52.50866666666668 13.372081666666668 109.08000183105469 0.802105188369751 12.0 78.4 
4471604583000 52.50869333333333 13.372093333333332 109.08000183105469 0.8535221815109253 12.0 75.9 
4472599193000 52.50872833333333 13.372103333333333 69.75 1.141457438468933 12.0 74.5 
4473673353000 52.50876 13.372108333333331 58.619998931884766 1.074615240097046 12.0 73.4 
4474727597000 52.50874833333334 13.372044999999998 44.9900016784668 2.16979718208313 12.0 75.1 
4475722163000 52.50871 13.372038333333334 63.779998779296875 1.7841699123382568 12.0 74.9 
4476736588000 52.50866333333333 13.372051666666668 89.31999969482422 2.462874174118042 12.0 76.1 
4477770889000 52.508625 13.372171666666668 117.81999969482422 3.1775705814361572 12.0 77.5 
4478506826000 52.50852499999999 13.372503333333334 141.55999755859375 3.8717002868652344 12.0 78.6 
