4457752918000 0.23146161 3.0311325 9.323577
4457792921000 0.23221506 3.4010856 9.195057
4457832913000 0.2424588 3.7304118 9.066179
4457872749000 0.16425358 3.9127839 8.990747
4457908415000 0.11566096 4.0856647 8.914278
4457947589000 0.042616613 4.204571 8.8594675
4457986941000 -0.05364172 4.2283 8.848105
4458026359000 -0.18055736 4.0794683 8.916038
4458065848000 -0.20934257 3.9858835 8.95764
4458105394000 -0.16636743 3.8837042 9.003307
4458144985000 -0.028829131 3.6952732 9.083749
4458184615000 0.13162534 3.6085887 9.117629
4458224282000 0.28143853 3.5470326 9.138367
4458263970000 0.38917533 3.479878 9.160207
4458303679000 0.63193834 3.5159688 9.132853
4458343409000 0.95763344 3.579172 9.079804
4458383156000 1.1580085 3.4770977 9.096108
4458422918000 1.2013478 3.179719 9.198724
4458462693000 1.2178805 2.998745 9.257143
4458502480000 1.2355253 3.0637677 9.233482
4458542273000 1.4375681 3.3896914 9.0892105
4458581964000 1.6759303 3.731162 8.912915
4458621598000 1.8043079 3.835288 8.843383
4458661247000 1.786171 3.7028193 8.90332
4458700912000 1.4985284 3.3743231 9.085082
4458740589000 1.3699318 3.2578585 9.147679
4458780279000 1.3053864 3.192293 9.180177
4458819980000 1.3249221 3.1399882 9.195404
4458859710000 1.3336958 3.1028183 9.206744
4458899445000 1.3308719 3.0626364 9.220598
4458939176000 1.3451498 3.0227754 9.231672
4458978917000 1.3567836 2.9991698 9.237667
4459018665000 1.3571532 3.0018082 9.236757
4459058422000 1.3128343 2.9964433 9.244899
4459098185000 1.2218846 2.9599648 9.269089
4459137956000 1.2090633 2.9900494 9.26111
4459177732000 1.1647252 3.0050206 9.261947
4459217515000 1.104758 3.0239787 9.2631235
4459257259000 1.0467715 2.9900327 9.280859
4459296950000 0.99402523 2.937356 9.303454
4459336649000 0.97385526 2.914576 9.312745
4459376354000 1.017259 2.9218462 9.305826
4459416067000 1.0946234 2.9269805 9.295426
4459455787000 1.1829149 2.9470348 9.278259
4459495513000 1.2096925 2.9589365 9.271015
4459535245000 1.172217 2.9292119 9.285258
4459574983000 1.1370593 2.8989627 9.299111
4459614726000 1.0813547 2.847971 9.321487
4459654475000 1.0470451 2.839411 9.328014
4459694229000 1.0528616 2.8887815 9.312186
4459733988000 1.0570469 2.9283004 9.29936
4459773752000 1.0082021 2.9373293 9.301936
4459813520000 0.9465064 2.9226315 9.313042
4459853277000 0.8732754 2.87878 9.333831
4459893004000 0.8539989 2.8565216 9.342449
4459932743000 0.86983925 2.8729496 9.335948
4459972505000 0.8756452 2.8568304 9.34035
4460012223000 0.92300713 2.890945 9.325282
4460051946000 0.9711613 2.885941 9.321941
4460091680000 1.0144352 2.8855002 9.317466
4460131412000 1.0332636 2.8669841 9.321115
4460171149000 1.001519 2.822568 9.338119
4460210890000 1.0185062 2.8252146 9.335481
4460250635000 1.0399865 2.845123 9.327063
4460290384000 1.0836929 2.860566 9.317358
4460330137000 1.1554006 2.8940132 9.298394
4460369870000 1.2023295 2.9224608 9.283535
4460409631000 1.2437736 2.9395607 9.27267
4460449395000 1.2612414 2.95558 9.265214
4460489163000 1.297268 2.9856956 9.250573
4460528933000 1.2828376 2.9865565 9.252308
4460568706000 1.275053 2.964368 9.260516
4460608450000 1.2337327 2.9414515 9.273412
4460648191000 1.2088805 2.9264703 9.281421
4460687920000 1.1771892 2.899067 9.294085
4460727652000 1.1654279 2.9168918 9.2899885
4460767388000 1.1527967 2.9385831 9.284728
4460807128000 1.1351362 2.9611318 9.279739
4460846871000 1.1026174 2.9542205 9.28586
4460886617000 1.0783135 2.9476066 9.290814
4460926366000 1.1153034 3.0066912 9.267486
4460966118000 1.1226462 3.0285957 9.259464
4461005874000 1.1429642 3.0525453 9.249107
4461045632000 1.1567682 3.0805798 9.238091
4461085393000 1.1084516 3.037333 9.258311
4461125157000 1.0242164 2.962993 9.292041
4461164924000 0.95655096 2.9146004 9.314532
4461204694000 0.92231965 2.8907878 9.325399
4461244460000 0.90756327 2.8910623 9.32676
4461284190000 0.91486114 2.9239135 9.315801
4461323923000 0.8618478 2.8962376 9.329491
4461363658000 0.79504204 2.837818 9.353348
4461403397000 0.7520617 2.8030653 9.36737
4461443138000 0.70677507 2.745057 9.388052
4461482882000 0.70991033 2.73334 9.391233
4461522629000 0.72704643 2.7220805 9.393193
4461562379000 0.7466056 2.6885693 9.401306
4461602131000 0.7642029 2.6442068 9.412467
4461641885000 0.78596514 2.6025555 9.422281
4461681642000 0.82680863 2.5842652 9.423818
4461721402000 0.8403102 2.5884151 9.421484
4461761163000 0.886773 2.626854 9.406575
4461800928000 0.89907664 2.628833 9.404856
4461840694000 0.91102713 2.617365 9.406902
4461880463000 0.9327954 2.6439915 9.397318
4461920214000 0.94132876 2.6635215 9.39095
4461959949000 0.9310836 2.6909416 9.384153
4461999687000 0.90164536 2.6990945 9.384685
4462039427000 0.8225039 2.660802 9.402872
4462079169000 0.7763337 2.632793 9.414675
4462118914000 0.76654047 2.637796 9.414076
4462158661000 0.7296308 2.6142926 9.423561
4462198411000 0.77282476 2.6589794 9.407601
4462238163000 0.83325315 2.6936533 9.392566
4462277917000 0.8877627 2.7073524 9.383631
4462317673000 0.9413071 2.7145455 9.37633
4462357431000 0.9712565 2.6866078 9.381322
4462397191000 1.0096902 2.6772041 9.3799515
4462436953000 1.0415297 2.6660366 9.379651
4462476718000 1.0218875 2.62979 9.392035
4462516484000 0.98434305 2.6047225 9.403024
4462556252000 0.934318 2.5787482 9.415281
4462596022000 0.9309188 2.610234 9.406936
4462635774000 0.9433688 2.6475887 9.395247
4462675518000 0.9506002 2.675579 9.386587
4462715262000 0.93995786 2.6664133 9.390267
4462755008000 0.97275156 2.679808 9.38311
4462794755000 1.0126027 2.6967883 9.374025
4462834505000 1.0479164 2.7049184 9.3678
4462874256000 1.089013 2.7134948 9.360629
4462914010000 1.1074429 2.7164729 9.357602
4462953765000 1.0859989 2.6869545 9.368633
4462993522000 1.0507263 2.652748 9.382393
4463033282000 1.0206882 2.6193888 9.395073
4463073042000 0.99616826 2.593977 9.40475
4463112805000 0.9587993 2.566364 9.416203
4463152569000 0.9832519 2.5892549 9.40741
4463192335000 0.97449327 2.599075 9.405613
4463232103000 0.9629998 2.6176417 9.401646
4463271872000 0.93309724 2.6116064 9.40634
4463311619000 0.9227794 2.6081808 9.408308
4463351364000 0.89530665 2.6010408 9.412937
4463391110000 0.8952942 2.582405 9.418071
4463430858000 0.86876893 2.5674117 9.42465
4463470607000 0.8766615 2.5696926 9.423298
4463510359000 0.8894512 2.568705 9.422367
4463550113000 0.90644354 2.5612216 9.422787
4463589869000 0.90515995 2.5706987 9.420327
4463629625000 0.8969114 2.5827122 9.417831
4463669383000 0.8936703 2.5890338 9.416402
4463709143000 0.88154006 2.5694127 9.422918
4463748904000 0.89698464 2.5564165 9.424994
4463788666000 0.92790556 2.5687187 9.418655
4463828431000 0.95206684 2.5819736 9.412617
4463868197000 1.0033833 2.6296878 9.394059
4463907964000 1.0335633 2.6409752 9.387618
4463947733000 1.0284199 2.6571853 9.383608
4463987488000 0.99921054 2.66455 9.384675
4464027242000 0.9426735 2.6780562 9.386682
4464066990000 0.93468183 2.7250228 9.373954
4464106739000 0.88311565 2.7476892 9.372336
4464146490000 0.8681928 2.7960398 9.359423
4464186243000 0.86194843 2.8179839 9.353417
4464225998000 0.82712436 2.8135903 9.357882
4464265753000 0.8100853 2.8024247 9.362722
4464305513000 0.800441 2.7693226 9.373395
4464345271000 0.82288355 2.7603683 9.374093
4464385032000 0.8542796 2.778799 9.365835
4464424793000 0.8812972 2.7833397 9.361983
4464464556000 0.85733706 2.747289 9.374846
4464504321000 0.8367399 2.7054155 9.388877
4464544087000 0.8488542 2.679941 9.395091
4464583854000 0.8568216 2.6692915 9.3974
4464623623000 0.871202 2.6692278 9.396095
4464663378000 0.87738574 2.6576324 9.398807
4464703126000 0.9004708 2.6512341 9.398431
4464742876000 0.9447868 2.6370738 9.398064
4464782627000 1.008035 2.6386867 9.391038
4464822380000 1.0754769 2.6345522 9.384715
4464862134000 1.1759547 2.6746194 9.361299
4464901889000 1.297468 2.7743297 9.316118
4464941646000 1.3576367 2.8240123 9.292587
4464981404000 1.425396 2.9004402 9.258838
4465021163000 1.5491499 3.0272615 9.198164
4465060924000 1.6510955 3.1655982 9.133633
4465100686000 1.6777104 3.2927284 9.0837
4465140449000 1.7024556 3.4119601 9.034964
4465180213000 1.6837684 3.4992177 9.005042
4465219970000 1.6005595 3.59597 8.982072
4465259737000 1.4493057 3.7073536 8.962446
4465299506000 1.2049867 3.7802875 8.968156
4465339264000 0.8794474 3.768182 9.010981
4465379022000 0.6301916 3.8092902 9.014574
4465418773000 0.4373235 3.8460448 9.0103855
4465458525000 0.2993028 3.879736 9.00158
4465498279000 0.2827141 3.9811518 8.957729
4465538034000 0.36073834 4.082022 8.909398
4465577790000 0.51024044 4.165717 8.86323
4465617548000 0.73673284 4.082922 8.885797
4465657307000 0.867817 3.8532069 8.976084
4465697067000 0.8662965 3.4072497 9.154812
4465736828000 1.0653818 3.1518815 9.225021
4465776590000 1.265096 2.8971314 9.2831335
4465816353000 1.2576541 2.6165333 9.367094
4465856118000 1.2530992 2.4998014 9.3995285
4465895884000 1.2175045 2.4491675 9.417518
4465935651000 1.1273347 2.3597856 9.451504
4465975419000 1.0839998 2.3541741 9.45797
4466015180000 1.0028818 2.3929753 9.45718
4466054931000 0.86780983 2.5202568 9.437459
4466094683000 0.6999325 2.7822163 9.377619
4466134437000 0.42685935 3.1679366 9.2710495
4466174191000 0.12062227 3.50669 9.157454
4466213947000 -0.005625 3.6829503 9.088797
4466253704000 0.23664987 3.4990788 9.158103
4466293462000 0.47185537 2.9419706 9.343049
4466333221000 0.7264787 2.6357331 9.41783
4466372981000 0.88971746 2.3970807 9.467459
4466412742000 1.0991122 2.2899888 9.471973
4466452504000 1.3657547 2.2568855 9.445188
4466492268000 1.6890157 2.3752058 9.363547
4466532032000 1.9133564 2.617965 9.255037
4466571798000 2.0001442 2.9266636 9.143547
4466611561000 2.026136 3.2473035 9.028853
4466651326000 1.9738687 3.495577 8.947356
4466691071000 1.7961338 3.5134737 8.977737
4466730827000 1.7520593 3.6253428 8.941898
4466770584000 1.7481755 3.8620443 8.843013
4466810355000 1.6376518 3.8820996 8.855382
4466850128000 1.5483131 3.522833 9.020131
4466889902000 1.5817463 3.4468725 9.043647
4466929677000 1.368373 3.0484147 9.219822
4466969453000 1.2807244 2.8227212 9.30389
4467009230000 1.2840374 2.6801538 9.345502
4467049009000 1.2600979 2.5428479 9.387037
4467088788000 1.2025611 2.4615824 9.416202
4467128568000 1.1350952 2.3677113 9.448592
4467168348000 1.0385383 2.3495564 9.464218
4467208129000 1.0917567 2.5669353 9.401558
4467247912000 1.1219578 2.9765007 9.2764225
4467287695000 0.9643888 3.321503 9.176489
4467327479000 0.94793034 3.4471848 9.131742
4467367264000 1.0931351 3.511887 9.09077
4467407040000 1.3457012 3.1766846 9.179769
4467446813000 1.4520842 3.047658 9.207259
4467486585000 1.3968805 2.9867692 9.235709
4467526357000 1.4732666 2.9886918 9.22321
4467566130000 1.4947318 2.7211223 9.302238
4467605904000 1.633468 2.584412 9.317885
4467645679000 1.8887769 2.7431881 9.223765
4467685455000 1.9935714 3.023831 9.113315
4467725232000 1.9839727 3.3743458 8.991553
4467765010000 2.0674314 3.8437085 8.781914
4467804788000 2.0576131 4.1181393 8.6589575
4467844568000 1.961055 4.106042 8.687064
4467884348000 1.7300475 4.0869565 8.744948
4467924132000 1.6184568 3.9825735 8.814198
4467963930000 1.5483009 3.9924839 8.822313
4468003728000 1.6755931 3.9540684 8.816355
4468043527000 1.6032978 3.7404628 8.922374
4468083318000 1.5716743 3.6613183 8.960747
4468123106000 1.4633415 3.593371 9.00648
4468162892000 1.2428578 3.406645 9.111557
4468202679000 1.1194544 3.317027 9.160488
4468242467000 1.0667486 3.2902546 9.176419
4468282255000 0.90280885 3.2543488 9.206766
4468322044000 0.6828079 3.3131588 9.204735
4468361834000 0.60598797 3.5648246 9.115657
4468401625000 0.74103284 3.852171 8.987883
4468441417000 0.8883409 4.082052 8.872322
4468481209000 1.1447341 4.2200775 8.777867
4468521003000 1.3016405 3.98914 8.86357
4468560797000 1.1873729 3.5508695 9.063765
4468600592000 1.1782485 3.405636 9.120514
4468640387000 1.2411498 3.467584 9.088773
4468680184000 1.4786037 3.6080167 8.99813
4468719981000 1.7010233 3.7752218 8.889579
4468759768000 1.7539306 3.9268258 8.813294
4468799552000 1.6680876 4.08128 8.7596245
4468839337000 1.53106 4.2426014 8.707846
4468879122000 1.27122 4.3114915 8.715815
4468918909000 0.9714546 4.333904 8.743222
4468958696000 0.60951066 4.3075256 8.788862
4468998483000 0.34941372 4.214387 8.848007
4469038272000 0.14337784 4.163881 8.877608
4469078061000 0.36194822 4.405939 8.75369
4469117852000 0.44150558 4.35048 8.777745
4469157642000 0.39903453 4.228423 8.839208
4469197434000 0.27667865 4.071619 8.91716
4469237226000 0.1491282 3.893929 8.999191
4469277019000 0.06382124 3.7915854 9.043793
4469316813000 0.0900494 3.8256524 9.029211
4469356607000 0.19461094 3.99585 8.95353
4469396402000 0.44020793 4.2962623 8.804472
4469436190000 0.595027 4.5905623 8.645407
4469475973000 0.5387996 4.6479897 8.61837
4469515756000 0.4885987 4.399814 8.750616
4469555541000 0.62266666 4.1929955 8.84316
4469595326000 0.6139436 3.7679973 9.0330305
4469635113000 0.73478377 3.5080414 9.128203
4469674899000 0.8448106 3.4004915 9.159332
4469714687000 1.0408067 3.458291 9.11742
4469754475000 1.2733699 3.559347 9.048755
4469794264000 1.5172677 3.7269075 8.943067
4469834053000 1.6215259 3.9324389 8.836117
4469873843000 1.5364729 4.198185 8.728394
4469913634000 1.3522704 4.4544735 8.631305
4469953425000 1.0755965 4.5076942 8.642578
4469993217000 0.84879804 4.446996 8.69909
4470033010000 0.53961194 4.34884 8.773071
4470072803000 0.2830372 4.3752494 8.77197
4470112591000 0.14724074 4.331801 8.796829
4470152373000 0.33054373 4.5636253 8.67378
4470192155000 0.5762151 4.5555773 8.665165
4470231939000 0.4487848 4.3171515 8.793816
4470271723000 0.3437826 4.2188153 8.846116
4470311510000 0.22463706 4.074888 8.91713
4470351295000 0.14881584 3.9317572 8.982736
4470391081000 0.12721509 3.8210764 9.030702
4470430868000 0.17142116 3.7908673 9.042694
4470470655000 0.18234806 3.8719332 9.008067
4470510443000 0.20739095 4.1263866 8.893836
4470550232000 0.21773817 4.4415154 8.740477
4470590021000 0.44130212 4.6890974 8.601628
4470629811000 0.51886165 4.753668 8.561764
4470669602000 0.6634339 4.683361 8.590482
4470709393000 0.7880703 4.4331765 8.711847
4470749185000 0.7257849 4.0756025 8.890056
4470788972000 0.72910184 3.99097 8.9281
4470828757000 0.85878664 3.9900596 8.916967
4470868540000 1.1230776 4.081587 8.845888
4470908322000 1.448382 4.2968698 8.695372
4470948105000 1.6180428 4.548168 8.536188
4470987889000 1.5834131 4.7487726 8.432814
4471027673000 1.3327855 4.7733107 8.462246
4471067458000 0.9382773 4.621072 8.598587
4471107244000 0.41737926 4.4257865 8.7412
4471147030000 -0.15931484 4.322363 8.80126
4471186817000 -0.4176286 4.3043485 8.801623
4471226604000 -0.36214218 4.442103 8.735386
4471266393000 0.100438945 4.7488976 8.579526
4471306181000 0.14154221 4.604336 8.6573925
4471345971000 0.18577951 4.536969 8.692053
4471385761000 0.28169808 4.5400715 8.687854
4471425551000 0.2696765 4.4389644 8.740324
4471465336000 0.1699951 4.321533 8.801469
4471505128000 0.05197428 4.2574744 8.834117
4471544911000 -0.06166527 4.3061385 8.810434
4471584692000 -0.15550083 4.464133 8.730276
4471624475000 -0.26397154 4.6974916 8.604318
4471664258000 -0.118775144 4.9498 8.464972
4471704041000 0.14854667 4.932495 8.474598
4471743825000 0.33077288 4.779027 8.556979
4471783610000 0.45756444 4.5173955 8.692189
4471823395000 0.47712755 4.111936 8.890148
4471863175000 0.5518462 3.8796306 8.989678
4471902961000 0.7525949 3.8010478 9.008662
4471942748000 1.0787593 3.841507 8.958207
4471982535000 1.3753395 3.9225101 8.882158
4472022324000 1.635169 4.1465354 8.735152
4472062112000 1.7508878 4.4966593 8.537262
4472101895000 1.5853199 4.8188467 8.392608
4472141685000 1.2302762 4.9190655 8.394022
4472181469000 0.8261926 4.944884 8.42828
4472221252000 0.30571786 4.9908624 8.436126
4472261033000 -0.02584584 4.9436073 8.469384
4472300814000 -0.07690257 4.884064 8.503552
4472340596000 -0.1587487 4.813096 8.542792
4472380379000 -0.16568014 4.604209 8.657032
4472420162000 -0.029655645 4.5895767 8.66633
4472459946000 0.06472259 4.7174206 8.597218
4472499730000 0.08604506 4.75903 8.574068
4472539515000 0.18199494 4.7648325 8.569342
4472579300000 0.3046186 4.8021083 8.545019
4472619086000 0.49290988 4.950469 8.451053
4472658873000 0.6570774 5.1883907 8.295736
4472698660000 0.5819493 5.3373 8.206397
4472738448000 0.37950602 5.279976 8.255195
4472778236000 0.4369588 5.260721 8.264639
4472818024000 0.5868053 5.102377 8.354148
4472857802000 0.8036357 4.7617292 8.535251
4472897582000 0.9298266 4.5775714 8.62274
4472937362000 0.75080496 4.4950905 8.683365
4472977142000 0.537279 4.556995 8.666922
4473016924000 0.59569085 4.5913963 8.644919
4473056705000 0.8466276 4.7371225 8.544782
4473096488000 1.1364698 4.9738045 8.374969
4473136270000 1.1563537 5.2076406 8.228834
4473176054000 1.1417706 5.5537243 8.00143
4473215838000 1.2605593 5.8357444 7.779812
4473255622000 1.0415478 5.644607 7.9513507
4473295407000 0.8069628 5.4751306 8.095811
4473335188000 0.7140291 5.513629 8.078394
4473374973000 0.49499696 5.2360535 8.277023
4473414760000 0.57038474 5.249632 8.263559
4473454547000 0.53784734 5.048772 8.3899355
4473494335000 0.48926148 4.872219 8.496618
4473534123000 0.42392114 4.879258 8.496088
4473573902000 0.45032713 4.722073 8.5831
4473613681000 0.5709874 4.59103 8.64678
4473653461000 0.8859471 4.697972 8.562391
4473693243000 0.9141047 4.776348 8.515944
4473733024000 0.937631 5.0798125 8.335872
4473772806000 0.9338409 5.4652796 8.088822
4473812588000 0.9837102 5.5695896 8.01139
4473852371000 1.065145 5.462735 8.074302
4473892154000 1.0426912 5.2069063 8.244471
4473931937000 1.1303836 4.956969 8.385767
4473971722000 0.9772998 4.651403 8.577863
4474011506000 0.744092 4.5776114 8.640728
4474051292000 0.6463508 4.6833916 8.591766
4474091078000 0.7155739 4.798647 8.522402
4474130864000 0.7697942 4.9080324 8.455118
4474170651000 0.76444614 5.141448 8.31574
4474210438000 0.7589033 5.41704 8.139419
4474250217000 0.6975641 5.6050158 8.016706
4474289996000 0.50476855 5.612474 8.025939
4474329775000 0.43253842 5.6242986 8.021881
4474369555000 0.16391942 5.5715375 8.068549
4474409335000 -0.03748568 5.466816 8.14143
4474449116000 -0.02683792 5.5067973 8.114485
4474488897000 -0.11913029 5.3234267 8.235128
4474528679000 -0.2875016 4.8743167 8.504632
4474568462000 -0.25008446 4.8029175 8.546335
4474608245000 -0.3075801 4.7182097 8.591524
4474648028000 -0.23812227 4.588321 8.663774
4474687812000 -0.025642574 4.6096406 8.655688
4474727597000 0.12156342 4.690242 8.61146
4474767382000 0.18982524 4.759818 8.5719595
4474807167000 0.3901438 5.0351357 8.406284
4474846953000 0.45243236 5.3861613 8.182601
4474886739000 0.4743963 5.352367 8.203505
4474926526000 0.6224119 5.2925525 8.2323675
4474966306000 0.77897215 5.0664253 8.360317
4475006085000 0.6760615 4.657079 8.603774
4475045864000 0.5299914 4.3125567 8.79155
4475085644000 0.49039888 4.17309 8.860882
4475125424000 0.47302553 4.067182 8.910929
4475165205000 0.5418502 4.06202 8.909364
4475204986000 0.7007894 4.257943 8.806205
4475244768000 0.76229674 4.488778 8.685628
4475284550000 0.66851074 4.6852384 8.589064
4475324333000 0.47192502 4.84591 8.512628
4475364116000 0.19622327 4.891523 8.497347
4475403900000 -0.17726234 4.746757 8.579468
4475443684000 -0.40913484 4.780541 8.552744
4475483469000 -0.6085837 4.7272806 8.570464
4475523254000 -0.4870539 4.857987 8.504889
4475563040000 -0.12578958 4.9973445 8.436891
4475602826000 -0.12532987 4.8279514 8.534959
4475642610000 -0.07202709 4.7889175 8.55754
4475682389000 0.035827484 4.8183436 8.541232
4475722163000 0.021469088 4.7240744 8.593779
4475761942000 -0.15542334 4.5243454 8.699226
4475801721000 -0.22710781 4.4802465 8.720447
4475841502000 -0.299296 4.4729786 8.722
4475881282000 -0.16459599 4.627677 8.64453
4475921063000 -0.042346675 4.780322 8.562541
4475960845000 0.12844533 4.97558 8.449704
4476000627000 0.30343574 5.0056047 8.427469
4476040409000 0.47376317 4.7635446 8.55889
4476080192000 0.6029963 4.521115 8.6813755
4476119976000 0.5049132 4.205473 8.844741
4476159760000 0.42805862 4.0720654 8.910973
4476199544000 0.5264334 4.017489 8.930456
4476239329000 0.76637155 4.0265102 8.909
4476279114000 1.0402181 4.1636057 8.81775
4476318895000 1.227771 4.4597173 8.64719
4476358676000 1.2834415 4.81319 8.447269
4476398454000 1.1493403 5.0846457 8.306371
4476438232000 1.0435205 5.323141 8.169799
4476478012000 0.8770456 5.457877 8.10017
4476517791000 0.6806345 5.5072303 8.085638
4476557571000 0.55591595 5.4252944 8.150308
4476597352000 0.56201804 5.484327 8.110284
4476637133000 0.6135187 5.490184 8.102584
4476676915000 0.47740808 5.177328 8.314913
4476716697000 0.39949945 4.991724 8.431697
4476756479000 0.40824187 4.9403267 8.461495
4476796262000 0.4184504 4.851523 8.512226
4476836045000 0.39903307 4.739946 8.575784
4476875829000 0.4006345 4.6825557 8.60718
4476915613000 0.42371193 4.8104534 8.535242
4476955393000 0.22240838 4.983072 8.443336
4476995170000 0.027538398 5.246976 8.284858
4477034951000 0.17664708 5.4327636 8.162369
4477074729000 0.37197775 5.260647 8.267866
4477114508000 0.44725248 4.9989347 8.425022
4477154286000 0.6378541 4.787999 8.534552
4477194065000 0.6449442 4.561585 8.657157
4477233845000 0.57084626 4.4962287 8.696462
4477273625000 0.6205664 4.511726 8.685021
4477313405000 0.774737 4.5464077 8.654498
4477353186000 0.88711756 4.6130385 8.608327
4477392968000 0.9278282 4.7466865 8.531031
4477432749000 0.90464336 4.9922733 8.392211
4477472532000 0.6668468 5.145562 8.321591
4477512314000 0.07869908 4.970093 8.453544
4477552098000 -0.3499813 4.983531 8.438741
4477591881000 -0.7639438 4.944466 8.434395
4477631660000 -0.8826104 4.8964543 8.450807
4477671445000 -0.7839491 4.909248 8.453112
4477711222000 -0.49571964 4.8820705 8.490585
4477750999000 -0.29262155 4.698508 8.602837
4477790778000 -0.15563133 4.5578647 8.681706
4477830556000 -0.064258456 4.3423853 8.792607
4477870335000 0.056706388 4.060763 8.926219
4477910114000 0.24149375 3.9076686 8.991228
4477949894000 0.45842227 3.8992019 8.986461
4477989673000 0.6053828 3.8200011 9.011743
4478029454000 0.6710104 3.9833431 8.936057
4478069234000 0.79021657 4.417301 8.719712
4478109017000 0.7850131 4.8309393 8.498009
4478148798000 0.6976443 4.9126906 8.458673
4478188580000 0.84944797 4.736394 8.544906
4478228363000 1.2371143 4.789888 8.467403
4478268146000 1.0103776 4.2505918 8.779635
4478307929000 1.1532606 3.927891 8.911344
4478347713000 1.1892751 3.6256258 9.033873
4478387494000 1.1698818 3.2047293 9.194098
4478427271000 1.2095444 3.1503413 9.207754
4478467048000 1.2855159 3.2583137 9.159761
4478506826000 1.284026 3.3202252 9.137712
4478546607000 1.1369293 3.3802598 9.135186
4478586386000 1.3661581 3.6467612 9.000286
4478626165000 1.5221473 3.7747319 8.922155
4478665944000 1.2032313 3.7734063 8.971289
