4457752918000 -0.24126826 1.244567 -0.50739837
4457792921000 -0.1439552 0.79616064 -0.74172425
4457832913000 0.041934047 0.8296806 -0.3186473
4457872749000 -0.35057992 0.21581602 -0.28244156
4457908415000 -0.096047655 0.2586815 -0.65707844
4457947589000 -0.2387496 0.061322086 -0.5042015
4457986941000 -0.29939768 -0.031053992 0.13478577
4458026359000 -0.41764826 -0.3235213 1.0867455
4458065848000 0.062242825 -0.20051648 0.054671593
4458105394000 0.22520731 -0.15717694 0.4797232
4458144985000 0.55838823 -0.29236552 1.2916868
4458184615000 0.5254202 -0.14684117 -0.10531734
4458224282000 0.41483364 -0.31083798 -0.4006409
4458263970000 0.2090303 -0.47904322 -0.657841
4458303679000 0.8488658 -0.16209432 -1.3267587
4458343409000 0.8958235 -0.30375087 -1.5188767
4458383156000 0.24434249 -0.7802691 -0.43683645
4458422918000 0.063710004 -0.58095664 1.9906644
4458462693000 0.22369707 0.18841648 1.7655315
4458502480000 -0.07834052 0.29991326 -1.2410619
4458542273000 0.7493149 0.97426796 -2.0578427
4458581964000 0.6090192 0.6916373 -1.302955
4458621598000 0.12760212 -0.2068276 -0.15469056
4458661247000 -0.11904045 -0.39797825 1.3642418
4458700912000 -1.3122021 -1.2070532 1.2413199
4458740589000 -0.14410056 -0.07069718 -0.35111445
4458780279000 -0.08936178 -0.14242476 -0.07960541
4458819980000 0.20491537 -0.16857333 -0.09483253
4458859710000 -0.04902457 -0.20985626 -0.35133892
4458899445000 -0.07562071 -0.22851457 -0.26712647
4458939176000 0.017974619 -0.23768675 -0.3468474
4458978917000 0.016147394 -0.06698138 -0.078255676
4459018665000 -0.06267541 -0.05000649 -0.32251272
4459058422000 -0.17526288 0.024004864 0.19890548
4459098185000 -0.3098662 -0.09642288 0.27278155
4459137956000 0.085414566 0.18730527 -0.091891855
4459177732000 -0.20367345 -0.063025564 -0.23982897
4459217515000 -0.24177283 -0.081983745 -0.42733148
4459257259000 -0.15436637 -0.16571736 0.09429803
4459296950000 -0.091813445 -0.034587536 0.513002
4459336649000 0.0068097077 0.027418995 0.16047855
4459376354000 0.24779882 0.14763544 0.21643163
4459416067000 0.30772755 0.10327449 0.2562514
4459455787000 0.24885601 0.024380155 -0.23652796
4459495513000 -0.08192771 -0.13462117 -0.49406266
4459535245000 -0.22097194 -0.1931567 -0.076813765
4459574983000 -0.11716773 -0.14329386 -0.14950712
4459614726000 -0.13991624 -0.053075857 0.4655495
4459654475000 -0.056573413 0.06335746 0.07656298
4459694229000 0.084709845 0.24934652 -0.0056748562
4459733988000 0.021684658 0.13137433 0.07579683
4459773752000 -0.22367005 -0.0345609 -0.01503798
4459813520000 -0.19139427 -0.068896145 0.07192301
4459853277000 -0.2260365 -0.17214459 0.060940214
4459893004000 0.02859956 -0.02239985 0.032708384
4459932743000 0.0715992 0.020012233 -0.31382954
4459972505000 0.016759936 -0.042321704 0.1917139
4460012223000 0.1557244 0.051050063 -0.45026374
4460051946000 0.14679681 -0.032205902 0.13166972
4460091680000 0.09371631 -0.05137837 -0.19728102
4460131412000 0.025854684 -0.052475512 0.103076965
4460171149000 -0.13853374 -0.096319325 0.28220513
4460210890000 0.11906522 0.077553876 -0.02896984
4460250635000 0.058358364 0.057645492 -0.10881107
4460290384000 0.17155838 0.08142919 0.11663952
4460330137000 0.25675696 0.15585504 0.04734414
4460369870000 0.082341604 0.03914759 -0.1437365
4460409631000 0.12915738 0.080887504 0.13190734
4460449395000 -0.0059902924 -0.0037783494 -0.16464266
4460489163000 0.14430961 0.14262588 0.06574418
4460528933000 -0.11584629 -0.04456148 0.014976329
4460568706000 0.019424906 -0.022372916 0.2617413
4460608450000 -0.17461443 -0.08771636 -0.02574066
4460648191000 -0.07130913 -0.09234825 -0.18084961
4460687920000 -0.11807103 -0.14339831 -0.11505994
4460727652000 -0.027856536 0.05452315 -0.22864386
4460767388000 -0.06425865 -0.006394613 -0.2429965
4460807128000 -0.07601807 0.010283096 -0.17916769
4460846871000 -0.09253245 -0.012225392 0.18736424
4460886617000 -0.019195212 0.08264844 0.32950917
4460926366000 0.21840101 0.32756987 0.08805814
4460966118000 0.014925228 0.10953233 0.3118268
4461005874000 0.082867056 0.08558283 0.008370128
4461045632000 -0.029003508 -0.06993822 -0.500366
4461085393000 -0.25527298 -0.30127764 -0.11851358
4461125157000 -0.2887176 -0.25635734 0.102729805
4461164924000 -0.1720189 -0.11970499 -0.027633876
4461204694000 -0.020107852 0.051207185 0.27531043
4461244460000 -0.005351415 0.060739398 0.06801029
4461284190000 0.036383934 0.086728156 -0.2250364
4461323923000 -0.2146089 -0.08172906 0.35947978
4461363658000 -0.19683637 -0.16060245 0.25716957
4461403397000 -0.08520949 -0.05720346 0.047014337
4461443138000 -0.11837606 -0.146295 0.25188556
4461482882000 0.074621655 0.012521974 -0.09452906
4461522629000 0.05748553 -0.074284896 -0.14552197
4461562379000 0.057539698 -0.1290337 0.022884378
4461602131000 0.05955569 -0.09447759 0.19804956
4461641885000 0.07702004 -0.082246214 0.13920248
4461681642000 0.15385641 0.01449719 0.10824664
4461721402000 -0.0067449897 0.02996044 -0.0659399
4461761163000 0.1625386 0.109201334 -0.23735696
4461800928000 -0.026284818 -0.07910412 -0.098344825
4461840694000 0.030411297 -0.057829246 -0.012132018
4461880463000 0.047869593 0.052837335 -0.31636024
4461920214000 -0.009696965 0.0038872855 -0.15308584
4461959949000 -0.09751838 -0.03333926 -0.4404882
4461999687000 -0.117113344 -0.031685762 -0.078173675
4462039427000 -0.26352483 -0.081652746 0.40377852
4462079169000 -0.07025493 -0.024223933 0.16642275
4462118914000 0.027798178 0.06883958 3.0825345E-4
4462158661000 -0.12161856 -0.025336938 0.34386182
4462198411000 0.25687352 0.2732092 0.06562208
4462238163000 0.2258651 0.16988836 0.25717795
4462277917000 0.17135547 0.07773644 0.22688651
4462317673000 0.1570377 0.021510106 0.01844074
4462357431000 0.048635136 -0.1368789 0.023256076
4462397191000 0.08865467 -0.08824848 -0.32841322
4462436953000 0.047008578 -0.11630762 -0.28888616
4462476718000 -0.15890233 -0.20754735 -0.19339702
4462516484000 -0.16058442 -0.13344681 -0.2632257
4462556252000 -0.13997932 -0.02901922 0.19523577
4462596022000 0.05955285 0.17485453 -0.04158429
4462635774000 0.06671615 0.1374999 0.048556205
4462675518000 6.4486323E-4 0.031056385 -0.13891636
4462715262000 -0.03774601 -0.028424261 0.21044314
4462755008000 0.16481984 0.095474176 0.05088696
4462794755000 0.1249688 0.0588806 -0.008674192
4462834505000 0.089655 0.0017172411 -0.041675866
4462874256000 0.12701157 0.03236721 0.0047219642
4462914010000 0.010515259 -0.019644124 -0.07070436
4462953765000 -0.10533387 -0.097998865 0.1634312
4462993522000 -0.11909454 -0.1030189 0.04179857
4463033282000 -0.07924979 -0.09907954 0.009504382
4463073042000 -0.054729804 -0.04424784 0.078280814
4463112805000 -0.12523402 -0.08528176 0.017794903
4463152569000 0.15431954 0.12718718 -0.09109219
4463192335000 -0.07228147 0.009493907 0.008771756
4463232103000 -0.07059468 -0.028686127 -0.3501077
4463271872000 -0.109338626 -0.052070893 0.027658416
4463311619000 0.008852411 0.02000146 0.09433633
4463351364000 -0.11077462 -0.05131193 -0.077006504
4463391110000 0.055950847 -0.022869414 0.18263987
4463430858000 -0.12346351 -0.066715926 -0.088718936
4463470607000 0.054970272 -0.01996375 -0.20504661
4463510359000 0.042180594 -0.009169493 -0.007983466
4463550113000 0.07422145 0.027734132 0.2171505
4463589869000 -0.042174686 0.018256985 -0.13342945
4463629625000 -0.033926137 0.03566343 -0.013253702
4463669383000 0.008541464 0.03914819 0.105855435
4463709143000 -0.018554838 -0.0098769795 0.33469862
4463748904000 0.13271359 0.11099249 0.5091425
4463788666000 0.121406 0.09869019 0.064375296
4463828431000 0.05801809 0.03640204 -0.02765303
4463868197000 0.13418812 0.047527894 -0.5778813
4463907964000 0.02555496 -0.09124602 -0.23801357
4463947733000 -0.1262081 -0.097649604 -0.5380094
4463987488000 -0.13622528 -0.04617457 -0.1762306
4464027242000 -0.22678806 -0.04006756 -0.29591614
4464066990000 0.036176536 0.13851923 -0.19492932
4464106739000 -0.21626344 -0.0018273743 -0.08543888
4464146490000 0.0045991116 0.14595532 -0.1411711
4464186243000 0.020650063 0.10439796 0.2669068
4464225998000 -0.16027212 -0.11676162 -0.18866369
4464265753000 -0.025553314 -0.056562714 -0.036598366
4464305513000 0.0135109285 -0.023460781 0.38422206
4464345271000 0.1185548 0.03452678 0.06971137
4464385032000 0.09696554 0.074936114 -0.09855072
4464424793000 0.06014122 -0.037477933 -0.1045057
4464464556000 -0.1414516 -0.15833335 0.068957195
4464504321000 -0.062014535 -0.15568656 -0.06275202
4464544087000 0.09258422 -0.012532149 0.12716623
4464583854000 -0.0036430021 -0.07052929 -0.21837573
4464623623000 0.03100985 -0.041045595 -0.20726423
4464663378000 -0.0045938743 -0.078483425 -0.09229587
4464703126000 0.07038758 -0.06227857 -0.18998589
4464742876000 0.15355803 -0.048118066 0.0065134256
4464782627000 0.18837631 -0.01050456 -0.16298048
4464822380000 0.2190009 0.042663474 0.20618865
4464862134000 0.31465608 0.13988931 -0.22150075
4464901889000 0.26178947 0.12843874 -0.9902723
4464941646000 0.093747504 0.108176015 0.13160388
4464981404000 0.2221213 0.29652756 0.018252794
4465021163000 0.45140666 0.4639059 -0.13681905
4465060924000 0.2317813 0.36479583 -0.33706766
4465100686000 -0.11845297 0.19843891 -0.522495
4465140449000 -0.0157118 0.15766057 -0.57182455
4465180213000 -0.20296425 0.021369446 -0.49286973
4465219970000 -0.3453082 0.2482368 -0.13647309
4465259737000 -0.63535374 0.058400262 -0.71505344
4465299506000 -0.8715605 -0.0341473 -0.35791698
4465339264000 -1.0363537 -0.23778792 0.0013305775
4465379022000 -0.63019156 -0.13179632 -0.83582836
4465418773000 -0.47655007 -0.24700409 -0.821833
4465458525000 -0.3189161 -0.3395352 -1.0189674
4465498279000 0.10955189 -0.14675169 -1.3477685
4465538034000 0.30611387 -0.1887819 -1.113111
4465577790000 0.45081127 -0.1547971 -0.8511967
4465617548000 0.80291116 -0.0033554735 1.1954404
4465657307000 0.4855007 0.2459728 3.0076427
4465697067000 0.23204826 -0.004342184 6.614281
4465736828000 1.82758 0.7805851 4.131636
4465776590000 1.5788326 0.31944993 5.02477
4465816353000 -0.44370213 -0.8611428 2.5381787
4465856118000 -0.28224084 -0.48943812 -2.0739603
4465895884000 -0.4918124 -0.43880418 -1.8369769
4465935651000 -0.48990244 -0.4278754 0.21785378
4465975419000 -0.19159456 -0.16729109 -1.7107162
4466015180000 -0.70868224 -0.5100986 -3.0926645
4466054931000 -1.0247161 -0.7256397 -5.210792
4466094683000 -0.90587217 -0.38939384 -5.2882457
4466134437000 -1.1231315 -0.3043946 -4.84825
4466174191000 -0.7188279 -0.18223555 -2.2535722
4466213947000 0.0644649 0.023963563 -0.21377826
4466253704000 1.5677736 1.0021735 6.3364043
4466293462000 1.2050817 -0.9316072 7.2988353
4466333221000 1.7349905 0.7573677 5.517698
4466372981000 0.8362529 -0.22000423 3.3302195
4466412742000 1.1269974 -0.32865864 -1.4010999
4466452504000 1.3408806 -0.011162666 -1.0016621
4466492268000 1.3216258 0.77272886 -1.9301059
4466532032000 -0.3639058 0.30441675 -4.469392
4466571798000 -1.0488992 0.01533127 -4.1225414
4466611561000 -0.9572109 -0.3837618 -4.0176544
4466651326000 -1.0422369 -0.75952184 -3.1320126
4466691071000 -0.9527619 -0.89509803 -0.36749917
4466730827000 -0.21241537 -0.3008883 -2.2047298
4466770584000 -0.18891822 0.30578205 -1.7331918
4466810355000 -0.10781434 0.51127964 2.0986464
4466850128000 0.6385698 0.26253378 5.8173304
4466889902000 1.4092818 2.486151 5.3230953
4466929677000 -0.77997404 -0.7438518 7.353416
4466969453000 0.16085309 -0.1455055 1.5912977
4467009230000 0.5203863 0.0068683657 1.3535529
4467049009000 -0.19117296 -0.5619047 0.20386627
4467088788000 -0.6926153 -0.8532918 -2.6888392
4467128568000 -0.37017655 -0.59270763 -0.85796636
4467168348000 -0.79337204 -0.7608792 -3.6881006
4467208129000 0.0065880944 -0.076046124 -5.576965
4467247912000 -0.5727854 -0.03450553 -5.275309
4467287695000 -1.1409085 -0.53641427 -3.2238524
4467327479000 0.24848095 -0.34828332 -0.31556356
4467367264000 0.9858746 1.1168517 2.6674035
4467407040000 2.067013 0.7361688 7.8347692
4467446813000 1.1172581 2.0125732 6.277441
4467486585000 -0.6123485 0.26903853 1.2966325
4467526357000 0.811683 0.18866278 -0.34819174
4467566130000 0.26065853 -1.4854841 3.0247211
4467605904000 0.86722773 -0.3877224 -1.1881728
4467645679000 0.29810607 0.07132057 -6.3896437
4467685455000 -1.5228522 -0.60158837 -6.2203526
4467725232000 -1.1798273 -0.19699131 -3.8038352
4467765010000 -0.17474799 0.26527783 -3.5353558
4467804788000 -0.20415641 0.28504646 0.22586718
4467844568000 0.059114933 0.41482386 2.914203
4467884348000 -0.97493535 0.33584273 1.179382
4467924132000 0.627266 1.2149508 4.228647
4467963930000 0.21689612 1.3521403 2.1121013
4468003728000 2.521653 2.567354 6.4231796
4468043527000 -0.32843328 0.103744045 5.513015
4468083318000 0.10526287 0.37902156 0.5418976
4468123106000 -0.93378234 -0.44543612 -0.15107532
4468162892000 -1.3409243 -1.2687951 0.46954003
4468202679000 -0.44279554 -0.9242043 -2.5606124
4468242467000 -0.4293164 -1.4171842 -4.390774
4468282255000 -1.3048815 -1.8029646 -4.587833
4468322044000 -1.1241071 -1.2929885 -5.0467153
4468361834000 0.021637673 -0.27959666 -4.1829114
4468401625000 0.81822455 0.60004824 -0.68164957
4468441417000 0.5532367 1.0762457 1.0127808
4468481209000 1.2088618 1.2422267 1.8819616
4468521003000 1.0323422 0.67882526 5.463945
4468560797000 -0.37342092 0.4110174 9.6767435
4468600592000 0.39081556 0.39934415 0.107543945
4468640387000 0.3671408 0.45507637 -2.675224
4468680184000 1.7575909 0.66768265 -1.5254619
4468719981000 0.64276606 0.35337788 -1.5738176
4468759768000 -1.1164982 -0.8475375 -3.2235034
4468799552000 -1.4817612 -1.1098651 -3.6013262
4468839337000 -0.89362764 -0.3493613 -1.8922237
4468879122000 -1.3692864 -0.73206395 -1.0568204
4468918909000 -1.0499078 -0.09743084 0.10237666
4468958696000 -1.2665561 0.59579945 1.9003867
4468998483000 -0.5455467 0.7968109 3.0866861
4469038272000 -0.5650638 0.6217643 1.5468607
4469078061000 1.844548 3.3413146 2.9162242
4469117852000 0.20573333 1.4550565 5.5301576
4469157642000 -0.46768105 0.1257294 2.2226937
4469197434000 -0.7572045 -0.6196783 0.7325838
4469237226000 -0.53158754 -1.0009673 -0.19282001
4469277019000 -0.20111434 -1.2418565 -2.5615964
4469316813000 0.35124984 -1.4328297 -4.753512
4469356607000 0.41340134 -1.3872812 -5.4721694
4469396402000 0.70717007 -1.2856207 -5.303498
4469436190000 -0.19295432 -1.5406941 -4.3599005
4469475973000 -0.70551264 -1.3921819 -1.5477747
4469515756000 -0.027686173 -0.5261872 1.9778589
4469555541000 0.9954306 1.0045292 3.4151525
4469595326000 -0.0451579 -0.18857001 5.1866117
4469635113000 1.4324858 2.2582686 7.7784605
4469674899000 0.8517398 1.1890206 3.402987
4469714687000 1.3324025 0.97431463 -0.2522082
4469754475000 1.2273259 0.696739 -0.24238299
4469794264000 0.8559416 0.42130557 -1.9116987
4469834053000 -0.77815396 -0.70605093 -4.030858
4469873843000 -1.7424126 -1.2071568 -5.021479
4469913634000 -1.3130437 -1.1202122 -3.620107
4469953425000 -1.1540496 -1.3989859 -1.5523704
4469993217000 -0.47614536 -0.55375636 0.009215282
4470033010000 -1.0201378 -0.0044939164 0.9747387
4470072803000 -0.6066567 1.243961 1.6623062
4470112591000 -0.12762743 1.7679353 4.334275
4470152373000 1.6307862 3.4876342 2.780387
4470192155000 1.6989278 3.1818697 7.604067
4470231939000 -1.7040359 -0.83579034 3.3370106
4470271723000 -0.44184908 -0.16866851 -0.41239703
4470311510000 -0.5384498 -0.76024044 0.32073444
4470351295000 -0.16842912 -1.0878289 -1.0099287
4470391081000 0.04930461 -1.506707 -2.7838657
4470430868000 0.24045815 -1.613791 -4.247242
4470470655000 -0.18234804 -1.7144701 -5.5365133
4470510443000 -0.011257947 -1.0667117 -5.0398226
4470550232000 -0.090251714 -0.7346015 -3.4252717
4470590021000 0.9414355 0.29268068 -0.4326885
4470629811000 0.030310743 0.77728295 1.7940584
4470669602000 0.8075636 1.2202423 3.3147912
4470709393000 1.0751932 1.9705662 7.5769987
4470749185000 -0.41197208 0.52371633 6.8005843
4470788972000 0.23194988 0.41221598 -0.53360707
4470828757000 1.0338968 -0.08701277 -1.1893269
4470868540000 1.4168448 -0.16873345 -2.5794387
4470908322000 0.96405387 -0.18788317 -3.9097264
4470948105000 -0.69621766 -0.9785473 -4.152615
4470987889000 -1.3186334 -1.2183787 -2.9803164
4471027673000 -1.6367916 -1.6351823 -1.6172036
4471067458000 -1.5364829 -1.3162309 -0.13544837
4471107244000 -1.8491501 -0.80713266 0.17304452
4471147030000 -1.9393083 0.0023696611 0.15221196
4471186817000 -0.26883692 1.6286747 2.9663565
4471226604000 0.73479486 2.255839 2.4736154
4471266393000 3.3711152 5.234272 5.1105576
4471306181000 -1.1516272 0.38724923 6.1898756
4471345971000 0.26532638 0.533069 1.1734371
4471385761000 0.6303204 -0.25456527 -1.2249926
4471425551000 -0.45600286 -1.0458633 -0.090858154
4471465336000 -0.7191674 -1.4285713 -1.6328077
4471505128000 -0.4932735 -1.7273587 -3.509106
4471544911000 -0.29137412 -1.7662163 -4.936807
4471584692000 -0.08966541 -1.669237 -5.209688
4471624475000 -0.1773277 -1.2847776 -4.181518
4471664258000 0.99156696 0.100625 -1.198244
4471704041000 1.0282513 0.9318816 3.1560886
4471743825000 0.59105223 1.9581414 5.2900105
4471783610000 0.6309737 1.190075 5.429387
4471823395000 0.10146481 0.6148693 8.163616
4471863175000 0.7328249 -0.055037007 1.5524703
4471902961000 1.4833213 -0.6629197 -2.5362735
4471942748000 1.7749758 -0.40917924 -3.3095767
4471982535000 0.7232835 -0.35288945 -2.3509288
4472022324000 0.14964134 -0.17484225 -4.20448
4472062112000 -0.985969 -0.4268996 -4.6734414
4472101895000 -2.0168123 -0.84715354 -3.08721
4472141685000 -1.5146691 -0.22168033 0.86345565
4472181469000 -1.3949783 -0.012138901 0.42712498
4472221252000 -2.0513015 -0.09734405 -0.5613858
4472261033000 -0.58216643 1.0580623 2.7200034
4472300814000 0.42994198 1.9217508 3.8724403
4472340596000 -0.4884902 2.4144049 5.000191
4472380379000 0.09703359 1.5249475 6.3373356
4472420162000 1.1966469 1.1963466 0.7970872
4472459946000 0.27851015 0.568364 -1.6246891
4472499730000 -0.19391821 -0.42449045 -0.40512824
4472539515000 0.56331044 -0.93043226 -1.4595196
4472579300000 0.37204027 -1.6835933 -3.53382
4472619086000 0.55640167 -1.4396882 -4.361679
4472658873000 0.08822805 -1.2068907 -3.9513898
4472698660000 -1.0330552 -1.4832863 -2.4891198
4472738448000 -0.8306119 -0.7100765 0.41388384
4472778236000 0.7496458 0.2211961 0.23772626
4472818024000 0.83515894 0.68354636 2.874466
4472857802000 1.2949874 0.8378679 5.125413
4472897582000 0.74711055 1.8653979 4.341651
4472937362000 -1.6235967 -0.18016458 0.015133749
4472977142000 -1.0472249 -0.124389246 -1.8218796
4473016924000 1.0910529 0.439415 0.66159153
4473056705000 1.3108354 -0.039736863 -2.1998787
4473096488000 0.58950055 -1.031531 -4.2463694
4473136270000 -1.2544203 -1.8733796 -4.325787
4473176054000 -0.60240483 -1.160345 -4.098383
4473215838000 0.47521773 -0.059627593 -1.2289695
4473255622000 -1.2082608 -0.88838166 2.2867918
4473295407000 -0.62063646 0.43827954 1.7304529
4473335188000 0.1391495 1.7040652 1.3065697
4473374973000 -0.8284231 0.6087096 4.7658215
4473414760000 1.2242322 2.487815 2.10207
4473454547000 -0.19461454 0.8057985 4.6234894
4473494335000 -0.23428856 -0.42980647 0.898153
4473534123000 -0.38469452 -0.13283928 -1.6314323
4473573902000 0.47149795 0.09299228 2.6259005
4473613681000 0.69407046 -0.5997233 -0.173834
4473653461000 1.3009359 -0.6968587 -3.8257792
4473693243000 -1.1102377 -2.1089394 -4.073531
4473733024000 -0.39826518 -1.0100526 -4.7956715
4473772806000 -0.37486178 -0.66002095 -3.3129838
4473812588000 0.2911543 -0.028832173 0.68710953
4473852371000 0.47449905 0.23492864 1.8696411
4473892154000 0.06546017 0.6378572 3.562736
4473931937000 1.1251458 1.5350333 4.5786242
4473971722000 -0.85962 0.869741 5.377
4474011506000 -1.4109441 0.07074058 -0.7071484
4474051292000 -0.02853185 0.4454864 -1.7173046
4474091078000 0.81426346 0.29100442 -0.64766145
4474130864000 0.034351107 -0.3381334 -1.4531702
4474170651000 -0.49966657 -0.8657487 -3.9517806
4474210438000 -0.27837747 -0.9746274 -3.412613
4474250217000 -0.49162444 -1.2606692 -2.3680754
4474289996000 -0.8480013 -0.9052817 -0.37675217
4474329775000 0.10682733 0.5244714 0.6471976
4474369555000 -1.2034242 0.32225895 1.1398956
4474409335000 -0.5214934 1.2899659 2.891051
4474449116000 0.43871722 1.8972234 1.898105
4474488897000 -0.6065618 1.4725819 4.76849
4474528679000 -1.1050427 -0.20635115 6.0092096
4474568462000 0.8286768 0.47306013 -1.152121
4474608245000 -0.50637186 -1.0309091 -0.97175676
4474648028000 0.6892282 -1.0088938 -0.37715438
4474687812000 1.1926339 -1.1969264 -3.5562303
4474727597000 0.17263608 -2.2483857 -5.130099
4474767382000 -0.17021193 -2.298349 -4.4727798
4474807167000 0.6199411 -1.1909292 -4.6503367
4474846953000 -0.39359245 -1.2085283 -3.8774812
4474886739000 -0.013483732 -0.5961418 1.1324263
4474926526000 1.005492 2.3076015 4.0455585
4474966306000 1.1627445 2.3572087 6.6634707
4475006085000 -0.7937413 1.2171041 8.80303
4475045864000 -0.765351 0.2867622 5.05544
4475085644000 0.18625994 -0.3877227 -1.1626614
4475125424000 -0.06114619 -1.0761535 -1.3892283
4475165205000 0.5564946 -0.7669852 -2.9567266
4475204986000 0.7309815 -0.1391501 -4.6579914
4475244768000 -0.4779038 -0.70341104 -3.5665565
4475284550000 -1.0509701 -0.791998 -2.4893267
4475324333000 -0.9818708 -0.47214404 -1.5891322
4475364116000 -1.0592084 -0.23336403 0.112891994
4475403900000 -1.4800614 -0.13763158 2.0607474
4475443684000 -0.48327032 1.240742 0.7145405
4475483469000 -0.7643474 1.058643 2.7169902
4475523254000 0.9675798 2.6735203 2.7237258
4475563040000 2.185186 3.7501876 4.978606
4475602826000 -1.1985679 -0.10114604 4.007746
4475642610000 0.42506647 0.035954025 -0.525893
4475682389000 0.63102466 -0.2288312 -1.2450842
4475722163000 -0.45296168 -1.7036259 -1.3270509
4475761942000 -1.0311813 -2.5826285 -2.560263
4475801721000 0.25652775 -2.0187774 -4.8958526
4475841502000 -0.04393676 -1.9918958 -4.122681
4475881282000 0.9589346 -0.99921614 -3.790238
4475921063000 0.25809297 -0.9165019 -2.4529984
4475960845000 0.49918026 0.24155758 -0.85935676
4476000627000 0.55954945 1.0647116 2.3696527
4476040409000 0.85994124 1.6598111 6.2589583
4476080192000 0.86800116 2.1670203 6.6071916
4476119976000 -0.99524564 0.38403922 5.8063946
4476159760000 -0.34960538 -0.14940536 -0.29092723
4476199544000 1.170117 -0.24192868 -0.8007437
4476239329000 1.4989645 -0.44708303 -1.9462788
4476279114000 0.7445922 -0.7214717 -4.3655305
4476318895000 -0.443239 -1.0470033 -5.9209414
4476358676000 -0.83233565 -0.7826567 -4.0048566
4476398454000 -1.1493403 -0.5441667 -1.7457219
4476438232000 -0.2197619 0.4627824 -0.48138535
4476478012000 -0.55342615 0.82818544 1.0102077
4476517791000 -0.5139214 1.5045247 2.3584447
4476557571000 0.003063119 2.125826 4.578724
4476597352000 0.53632677 2.5473192 2.5201247
4476637133000 0.6809591 2.9827616 4.626447
4476676915000 -1.0560004 0.42226952 6.8363614
4476716697000 -0.15433319 -0.07859236 0.9434609
4476756479000 0.30764362 -0.42926747 -1.381094
4476796262000 -0.026184373 -1.3407421 -1.1964651
4476836045000 -0.3303865 -2.3177032 -3.0448332
4476875829000 -0.15546823 -2.6918054 -4.968912
4476915613000 -0.15893237 -2.3784044 -6.6425586
4476955393000 -1.3109466 -2.6392825 -5.5994067
4476995170000 -0.3609645 -1.9519417 -4.7838836
4477034951000 1.137444 -0.48040494 -1.0819678
4477074729000 0.75578696 1.152902 4.598459
4477114508000 0.21959972 1.5126808 5.1473813
4477154286000 1.6176754 2.5964084 6.3911695
4477194065000 -0.1938383 1.4498917 5.7684255
4477233845000 -0.75717264 0.07367018 -0.4882956
4477273625000 0.7523645 0.09739971 -0.93776804
4477313405000 1.0100733 -0.6335545 -1.8879094
4477353186000 -0.053552303 -1.2591639 -3.371575
4477392968000 -0.49633557 -1.1476456 -3.7061589
4477432749000 -0.6398638 -0.775414 -3.8321183
4477472532000 -1.3925389 -0.85024923 -1.5844227
4477512314000 -2.5597816 -1.3220189 0.99026096
4477552098000 -0.94449645 1.2829186 0.92661047
4477591881000 -1.5994588 1.3317899 2.7255728
4477631660000 -0.22554106 2.4389198 4.650878
4477671445000 0.6564626 2.0534735 3.157962
4477711222000 1.6529043 3.0220897 6.003643
4477750999000 0.6358543 0.13617082 3.8614156
4477790778000 0.44002417 -0.87056434 -0.37547424
4477830556000 0.22116485 -1.4788436 0.11183136
4477870335000 0.5709192 -1.8150398 -0.45327324
4477910114000 0.78820455 -1.6227189 -3.4896972
4477949894000 0.58108264 -1.3690859 -4.5734677
4477989673000 -0.026790442 -1.662538 -2.69626
4478029454000 -0.38661754 -0.57062894 -4.5426774
4478069234000 0.21006179 0.5154441 -3.6202538
4478109017000 -0.38294035 0.49407163 -1.3391541
4478148798000 -0.28576493 0.42212677 1.9461831
4478188580000 1.3472416 1.1672091 4.5371656
4478228363000 2.1952133 1.5746281 0.89794713
4478268146000 -2.5304084 -1.6518291 8.862528
4478307929000 2.2692602 -0.56421006 0.66975397
4478347713000 -0.22822338 -1.2328031 0.96891004
4478387494000 -0.48341632 -2.8811097 -0.24062684
4478427271000 0.016286856 0.30159968 -3.6375763
4478467048000 0.038381893 0.085754015 -3.197318
4478506826000 -0.5779471 -0.721463 -2.0475032
4478546607000 -1.4213221 -1.2227966 -3.7317216
4478586386000 1.6150634 0.73681134 -2.4984767
4478626165000 0.4391826 0.47154757 1.1786947
4478665944000 -2.2231228 0.04138078 1.4629877
