4457752918000 15.537707 9.939166 -27.609766
4457792921000 14.760303 8.7307005 -27.585546
4457832913000 14.425977 9.661639 -29.038404
4457872749000 15.518457 10.010773 -27.657887
4457908415000 13.790626 9.632123 -27.89922
4457947589000 14.134131 9.219953 -28.7604
4457986941000 14.111945 8.785553 -28.238037
4458026359000 13.092151 9.94668 -30.062231
4458065848000 13.482373 10.797162 -26.952173
4458105394000 13.77359 9.208234 -28.81272
4458144985000 12.189704 9.915131 -29.885376
4458184615000 11.846576 10.32804 -29.126734
4458224282000 12.1471195 9.147235 -27.919971
4458263970000 11.768799 8.71012 -28.68064
4458303679000 12.707629 7.5648437 -29.433569
4458343409000 11.079328 7.5000854 -28.028004
4458383156000 11.319995 6.7672668 -29.613037
4458422918000 10.395331 8.233283 -28.559595
4458462693000 11.192713 9.871631 -28.49082
4458502480000 12.460474 9.92467 -29.948683
4458562079000 12.812207 9.9183655 -27.434889
4458601780000 12.169299 9.5816345 -28.44231
4458641421000 10.818372 9.539935 -28.946192
4458681078000 12.49823 10.77995 -29.147291
4458720749000 11.901056 11.509308 -28.74275
4458760433000 12.186029 9.907618 -28.859741
4458800128000 11.919623 11.839057 -29.672998
4458839835000 11.899958 11.507056 -28.435083
4458879581000 11.825488 9.895892 -28.912062
4458919309000 12.2757635 11.841766 -28.389942
4458959045000 11.887634 11.190082 -29.248413
4458998790000 12.514539 11.202338 -28.028687
4459038543000 12.87912 11.222315 -29.104542
4459078303000 11.912653 11.824786 -27.724318
4459118070000 11.9330015 12.255426 -27.733862
4459157843000 11.287213 11.815539 -29.354298
4459197623000 12.313525 12.697046 -27.58855
4459237408000 12.274658 11.839515 -28.08225
4459277103000 11.345685 13.102216 -28.665014
4459316798000 11.570991 12.240705 -27.375929
4459356500000 12.587226 12.712592 -28.472364
4459396210000 11.978095 13.125727 -28.983717
4459435926000 13.177478 11.871814 -28.361694
4459475649000 12.265235 13.460505 -29.361914
4459515378000 12.604639 13.137232 -27.661427
4459555113000 11.631721 13.434735 -28.735498
4459594854000 12.186358 11.840339 -28.60813
4459634600000 12.204871 12.267224 -28.104883
4459674351000 12.563947 12.27594 -27.64231
4459714108000 12.565412 12.278943 -28.052565
4459753869000 12.225586 12.698621 -28.216993
4459793635000 12.228156 12.703876 -28.934912
4459833406000 11.3816595 13.856592 -28.784302
4459873135000 10.276764 13.384778 -28.111206
4459912871000 11.99079 13.443451 -28.272974
4459952635000 11.99336 13.448707 -28.990894
4459992363000 10.278229 13.387781 -28.52146
4460032084000 10.603162 12.645881 -28.452417
4460071812000 10.997474 13.407471 -27.904005
4460111546000 12.009668 13.871094 -27.872267
4460151280000 10.220807 12.200507 -28.084936
4460191019000 12.011133 13.874097 -28.28252
4460230762000 12.660962 14.322253 -27.790283
4460270509000 10.658752 13.829401 -28.376148
4460310260000 11.000775 13.4142275 -28.827051
4460350006000 11.616455 13.111755 -28.728346
4460389750000 11.629883 13.430982 -28.222706
4460429513000 12.030017 14.30174 -27.881836
4460469279000 11.346051 13.102966 -28.767578
4460509047000 12.303357 14.316541 -28.663061
4460548819000 11.556091 11.918475 -27.471338
4460588582000 10.943347 12.2269535 -28.390553
4460628328000 11.341644 13.093958 -27.53684
4460668055000 11.650599 13.862378 -28.334839
4460707786000 11.324231 12.669318 -28.347803
4460747520000 12.209277 12.276233 -29.33562
4460787258000 11.631721 13.434735 -28.735498
4460826999000 11.90066 13.440521 -28.286036
4460866743000 11.989326 13.440448 -27.86272
4460906491000 11.992261 13.446454 -28.683203
4460946242000 11.402008 14.287238 -28.793848
4460985996000 11.594642 12.678107 -28.308569
4461025752000 12.621735 13.463965 -28.181421
4461065512000 11.359845 13.422943 -28.364527
4461105275000 12.619165 13.45871 -27.463476
4461145040000 11.941352 14.301813 -28.305151
4461184808000 12.300422 14.3105345 -27.842579
4461224579000 11.060346 14.7031555 -28.445509
4461264325000 12.659858 14.320002 -27.482569
4461304056000 12.283014 13.885895 -28.653517
4461343790000 12.32077 14.741175 -27.852148
4461383527000 12.262665 13.455249 -28.643946
4461423267000 11.963538 14.736206 -28.827515
4461463010000 11.899561 13.43827 -27.978346
4461502756000 11.347888 13.10672 -29.280396
4461542504000 11.022962 13.848627 -29.34944
4461582254000 12.665362 14.331263 -29.020996
4461622008000 12.642077 13.89461 -28.190968
4461661763000 12.640979 13.892359 -27.883276
4461701522000 12.659858 14.320002 -27.482569
4461741282000 12.335303 15.062659 -27.654175
4461781045000 11.419787 14.712623 -28.085499
4461820811000 11.9617 14.732452 -28.314722
4461860578000 11.649134 13.859375 -27.924585
4461920214000 11.652435 13.866132 -28.847631
4461959949000 12.262665 13.455249 -28.643946
4461999687000 11.899561 13.43827 -27.978346
4462039427000 12.6638975 14.328259 -28.610743
4462079169000 13.0571165 15.087598 -27.754688
4462118914000 13.043317 14.767615 -28.157764
4462158661000 12.7202215 15.513282 -28.7396
4462198411000 11.941724 14.302564 -28.407715
4462238163000 12.639508 13.889356 -27.473022
4462277917000 13.312256 14.773401 -27.708277
4462317673000 12.682776 14.755897 -28.210083
4462357431000 12.643915 13.898364 -28.70376
4462397191000 11.941352 14.301813 -28.305151
4462436953000 11.616821 13.112506 -28.830908
4462476718000 11.962073 14.733203 -28.417286
4462516484000 12.64245 13.895362 -28.293531
4462556252000 12.661328 14.323005 -27.892822
4462596022000 12.303357 14.316541 -28.663061
4462635774000 12.662799 14.326007 -28.303076
4462675518000 11.671313 14.293775 -28.446949
4462715262000 12.338971 15.070167 -28.679785
4462755008000 11.060718 14.703906 -28.54807
4462794755000 12.303723 14.317291 -28.765625
4462834505000 12.337501 15.067163 -28.269556
4462874256000 11.690192 14.721412 -28.046265
4462914010000 12.3378725 15.067914 -28.37212
4462953765000 12.322608 14.744928 -28.364965
4462993522000 10.679834 14.261548 -28.59082
4463033282000 10.700183 14.692187 -28.600391
4463073042000 11.957666 14.724189 -27.186523
4463112805000 11.418689 14.71037 -27.777807
4463152569000 11.630622 13.432483 -28.427832
4463192335000 11.978803 15.059192 -28.83467
4463232103000 11.115204 15.885175 -28.164087
4463271872000 11.672778 14.296778 -28.857178
4463311619000 11.959503 14.727948 -27.69934
4463351364000 11.418689 14.71037 -27.777807
4463391110000 11.062182 14.706909 -28.958302
4463430858000 11.749084 15.911689 -28.893019
4463470607000 10.736157 15.44657 -28.719679
4463510359000 11.040369 14.273267 -28.538502
4463550113000 11.417218 14.707367 -27.367554
4463589869000 10.751001 15.865943 -27.190771
4463629625000 11.74762 15.908686 -28.482788
4463669383000 11.380561 13.85434 -28.476637
4463709143000 11.075983 15.026893 -28.555225
4463748904000 11.419787 14.712623 -28.085499
4463788666000 10.711041 15.006159 -27.376783
4463828431000 11.436518 15.038611 -28.502905
4463868197000 11.382026 13.857343 -28.886866
4463907964000 11.981738 15.065204 -29.655176
4463947733000 12.321503 14.742676 -28.057276
4463987488000 11.670209 14.291522 -28.139257
4464027242000 11.360583 13.424445 -28.569654
4464066990000 11.039264 14.271014 -28.23081
4464106739000 10.715815 15.015924 -28.710108
4464146490000 11.056678 14.695648 -27.419874
4464186243000 11.689094 14.719159 -27.738575
4464225998000 11.923212 13.875671 -28.910963
4464265753000 11.673144 14.297528 -28.959742
4464305513000 11.399805 14.282733 -28.178516
4464345271000 11.977704 15.05694 -28.527002
4464385032000 11.995111 15.48158 -27.716064
4464424793000 11.706189 15.045898 -28.258545
4464464556000 11.402374 14.287989 -28.896437
4464504321000 11.673144 14.297528 -28.959742
4464544087000 11.071942 15.018634 -27.427027
4464583854000 11.998047 15.487586 -28.536573
4464623623000 11.37652 13.846082 -27.348438
4464663378000 11.380927 13.85509 -28.579199
4464703126000 11.101092 15.467303 -29.898096
4464742876000 11.437983 15.041614 -28.913136
4464782627000 11.616089 13.111005 -28.625782
4464822380000 11.075244 15.025391 -28.350098
4464862134000 11.956934 14.722687 -26.981398
4464901889000 11.670209 14.291522 -28.139257
4464941646000 10.735053 15.444318 -28.411987
4464981404000 11.421991 14.717127 -28.700855
4465021163000 10.736524 15.447321 -28.822218
4465060924000 11.692029 14.725165 -28.559082
4465100686000 9.022486 15.388648 -28.660475
4465140449000 9.063184 16.249933 -28.67959
4465200088000 8.826556 16.991016 -28.22273
4465219970000 9.437152 16.580885 -28.121632
4465259737000 9.115155 17.328796 -29.011183
4465299506000 9.456397 17.009272 -27.823486
4465339264000 8.50199 17.733673 -28.394337
4465398897000 8.160327 18.149591 -28.045948
4465438649000 8.13888 17.716694 -27.728712
4465478402000 7.2059207 18.873999 -28.616796
4465518156000 7.566461 18.885717 -28.564478
4465557912000 7.5512023 18.562733 -28.557325
4465597669000 7.9458804 19.325073 -28.111475
4465637428000 8.977698 20.217848 -27.884155
4465677187000 7.314899 21.236525 -27.848852
4465716947000 7.2803893 20.485157 -28.13982
4465756709000 6.973279 19.720478 -27.85464
4465796471000 7.567926 18.888721 -28.974731
4465836235000 5.8201175 18.08017 -29.309082
4465876001000 7.4466248 16.209211 -30.556005
4465915767000 6.4522033 16.170965 -29.87937
4465955535000 7.77948 15.775263 -28.442896
4465995303000 8.049884 15.784052 -28.403662
4466035055000 7.744287 14.925239 -29.962208
4466074807000 8.719409 14.632233 -29.503468
4466114560000 8.69906 14.201593 -29.493921
4466154314000 7.6323733 12.556696 -29.909643
4466194069000 9.724689 14.984443 -28.956518
4466233825000 9.785736 16.276373 -28.985182
4466273582000 8.483106 17.30603 -28.795044
4466313341000 8.620826 20.213629 -28.96211
4466353101000 7.623468 20.169386 -27.46499
4466392861000 6.954761 19.293592 -28.35791
4466432623000 8.185083 18.589247 -29.286255
4466472386000 6.8988037 18.10932 -28.331617
4466512150000 6.141437 17.233606 -29.647877
4466551915000 7.06023 15.755579 -29.060328
4466591681000 7.42334 15.7725525 -29.725952
4466631442000 6.7942324 15.755793 -30.330322
4466671199000 6.468933 16.496954 -30.296778
4466710950000 7.0987735 16.515217 -29.897535
4466750703000 6.7942324 15.755793 -30.330322
4466790469000 6.107288 16.482985 -30.041407
4466830242000 6.4525695 16.171717 -29.981934
4466870015000 5.76673 16.901154 -30.000732
4466909790000 6.158844 17.658247 -28.836964
4466949565000 7.444055 16.203949 -29.838062
4466989341000 7.695581 15.785095 -30.199512
4467029120000 7.067206 15.769849 -31.009008
4467068898000 7.423706 15.773303 -29.828516
4467108678000 7.8086367 16.223932 -30.91394
4467148458000 6.032459 14.87107 -30.415821
4467188239000 7.3488708 14.161395 -30.20293
4467228020000 6.722699 14.150647 -31.627783
4467267803000 5.521454 11.731177 -29.57837
4467307587000 4.604126 13.212201 -30.576172
4467347371000 4.229419 12.879761 -30.92903
4467387151000 3.3669922 13.61084 -31.999586
4467426928000 3.129895 16.380285 -29.65254
4467466699000 1.8178955 17.098974 -31.096191
4467506471000 3.5162904 16.833918 -31.148193
4467546243000 2.4880981 16.045801 -30.967651
4467586017000 1.1484009 16.31883 -30.350513
4467625792000 0.48184815 15.54469 -30.425343
4467665567000 0.7170593 14.703461 -31.905445
4467705343000 1.0394226 13.956293 -31.118458
4467745121000 0.0671875 14.352454 -30.964186
4467784899000 0.3663147 13.07149 -30.78064
4467824678000 -1.6657288 13.866144 -31.203125
4467864458000 -1.7722352 13.362683 -31.88362
4467904238000 -0.040789794 13.84599 -31.23445
4467944031000 -0.38753662 14.154248 -30.883667
4467983829000 -0.40720215 13.822253 -29.645777
4468023628000 0.31865236 13.855463 -30.87444
4468063422000 -1.0170166 14.136749 -31.385473
4468103213000 1.8644104 12.292536 -30.50061
4468142999000 2.5705934 11.993744 -30.491383
4468182785000 2.192273 11.556635 -31.252075
4468222573000 2.1530519 10.698352 -31.643213
4468262361000 2.0629456 8.763458 -32.01045
4468302150000 3.4146059 8.806659 -31.71172
4468341939000 4.221143 6.794147 -32.04834
4468381730000 4.2563295 7.6441774 -30.529028
4468421521000 4.962201 7.2474794 -31.850708
4468461313000 3.3931642 8.373755 -31.394459
4468501106000 4.0971007 10.002429 -30.415699
4468540900000 3.274225 13.524512 -30.84353
4468580694000 4.9151673 14.004132 -30.104858
4468620490000 4.3227663 14.743268 -31.033619
4468660285000 5.314252 14.775495 -30.889746
4468700082000 3.2538757 13.093866 -30.833984
4468739876000 2.663257 13.933893 -30.842066
4468779660000 3.562079 12.02597 -30.34751
4468819444000 3.940448 12.365936 -31.020288
4468859229000 4.1726747 11.615839 -30.246412
4468899015000 4.134552 10.759809 -30.945215
4468938802000 4.465997 12.060529 -30.934645
4468978589000 4.481256 12.383514 -30.941822
4469018378000 3.885962 11.184669 -31.404272
4469058167000 3.9284914 12.049707 -31.936182
4469097956000 4.806189 11.641602 -30.872778
4469137747000 3.5025086 10.737042 -30.729101
4469177538000 3.4679933 9.985669 -31.020044
4469217330000 3.452057 9.564038 -32.24126
4469257123000 4.713947 9.605054 -32.058155
4469296916000 4.2756286 7.975415 -31.664381
4469336710000 4.595056 7.2222476 -30.05691
4469376505000 5.5924134 7.266492 -31.55403
4469416299000 4.93136 6.5036197 -33.167286
4469456081000 5.2863955 6.5040774 -31.576538
4469495864000 4.9611025 7.2452273 -31.543018
4469535648000 4.653583 8.411774 -30.8011
4469575433000 4.10224 10.012939 -31.851563
4469615220000 4.857062 12.718213 -30.896656
4469655006000 4.634235 15.614093 -31.116041
4469694793000 4.6153564 15.18645 -31.516748
4469734581000 4.9526124 14.761523 -30.6344
4469774369000 4.574292 14.324414 -31.39507
4469814158000 3.6358643 13.538489 -31.098877
4469853948000 4.227588 12.700708 -31.398462
4469893738000 3.8804567 11.173401 -29.865845
4469933529000 3.8685486 10.760028 -32.21521
4469973321000 2.4913514 10.372821 -29.635035
4470013114000 2.1708252 11.123743 -30.93484
4470052907000 2.195575 11.563392 -32.175148
4470112591000 2.825061 11.580896 -31.67334
4470152373000 2.5731628 11.999 -31.209303
4470192155000 2.1697204 11.1214905 -30.62715
4470231939000 1.1604675 10.663867 -31.479395
4470271723000 3.5239503 11.169947 -31.046314
4470311510000 3.4138734 8.805158 -31.506592
4470351295000 4.65542 8.415527 -31.313917
4470391081000 3.7213929 7.638611 -32.248486
4470430868000 4.216736 6.785138 -30.81758
4470470655000 4.8851624 5.631067 -31.609741
4470510443000 6.7591553 3.3330019 -32.089943
4470550232000 5.4052978 3.2852905 -31.773315
4470590021000 6.5199585 4.068817 -30.915161
4470629811000 5.4823365 4.901703 -32.014282
4470669602000 6.9273925 6.88656 -32.27134
4470709393000 6.764136 9.236542 -31.029835
4470749185000 5.7606444 10.820056 -31.735426
4470788972000 5.5087585 11.238159 -31.271412
4470828757000 6.5427737 12.135425 -31.659473
4470868540000 6.158948 11.687055 -30.881714
4470908322000 4.37301 10.022479 -31.914892
4470948105000 4.3700747 10.016474 -31.094385
4470987889000 3.810028 9.570502 -31.470997
4471027673000 3.430603 9.131134 -31.924
4471067458000 2.709894 9.108447 -32.131203
4471107244000 1.3752807 9.489136 -31.516432
4471147030000 3.140857 10.723071 -30.47373
4471186817000 2.7832582 10.717359 -31.346533
4471226604000 3.185962 11.593366 -31.723585
4471266393000 3.1833923 11.588111 -31.005665
4471306181000 2.8472412 12.015296 -32.195705
4471345971000 3.2037416 12.018756 -31.015211
4471385761000 4.365674 10.007459 -29.863647
4471425551000 2.6961 8.78847 -32.53428
4471465336000 4.3141174 8.832202 -31.068115
4471505128000 4.643457 8.099304 -32.229836
4471544911000 4.644922 8.102313 -32.640064
4471584692000 5.5164733 5.652332 -31.620752
4471624475000 7.269733 6.5692873 -31.391357
4471664258000 6.8829775 6.114911 -29.79314
4471704041000 5.554596 6.508362 -30.921925
4471743825000 5.5739017 6.8395996 -32.057278
4471783610000 5.073749 9.615272 -31.800709
4471823395000 4.377417 10.031494 -33.14563
4471863175000 4.7880435 11.2154665 -31.47859
4471902961000 6.1211915 10.831775 -31.683105
4471942748000 5.7468567 10.500079 -32.138527
4471982535000 4.0451846 8.826416 -31.517603
4472022324000 4.0793276 9.577039 -31.124073
4472062112000 3.6672363 8.390058 -32.38086
4472101895000 3.9921632 7.648151 -32.311817
4472141685000 2.4038758 8.346033 -32.153713
4472181469000 1.3251953 8.316882 -33.131153
4472221252000 2.007721 7.5806885 -32.18931
4472261033000 2.424219 8.776679 -32.16328
4472300814000 1.0740356 8.736487 -32.872265
4472340596000 2.0963562 9.51258 -31.411793
4472380379000 2.7087953 9.106195 -31.823511
4472420162000 2.7727723 10.404139 -32.67268
4472459946000 4.679065 8.85293 -32.24656
4472499730000 3.9895935 7.6428957 -31.593872
4472539515000 4.9995914 8.102015 -30.946753
4472579300000 5.5957155 7.2732544 -32.477077
4472619086000 4.240753 7.223291 -31.852783
4472658873000 5.4979615 5.2254395 -32.124023
4472698660000 6.220508 5.251886 -32.429615
4472738448000 6.5450745 4.5092287 -32.258007
4472778236000 6.1804996 4.489246 -31.182154
4472818024000 4.526825 5.6238527 -32.277443
4472857802000 3.1892822 5.998529 -30.842188
4472897582000 1.9703308 6.7261596 -33.09324
4472937362000 4.0128784 8.079554 -32.42395
4472977142000 5.001428 8.105768 -31.45957
4473016924000 2.9807007 7.186023 -32.548706
4473056705000 1.6257447 7.1360717 -31.924366
4473096488000 1.568689 5.9495482 -31.590406
4473136270000 0.80804443 3.1351075 -32.337795
4473176054000 0.12471924 3.9669495 -31.641016
4473215838000 -1.1204346 4.2519164 -32.241554
4473255622000 -0.8140564 5.015082 -32.321606
4473295407000 -0.14388429 5.8938785 -31.838917
4473335188000 -0.37611085 6.643964 -32.61282
4473374973000 1.6068604 6.708429 -32.325073
4473414760000 2.2719789 5.547601 -32.194164
4473454547000 2.6593874 8.032593 -32.209866
4473494335000 3.0213928 8.047315 -32.56782
4473554012000 3.5730958 6.4469056 -31.619923
4473593791000 4.98548 7.684137 -32.680737
4473633571000 5.019629 8.434753 -32.28723
4473673353000 5.9755006 7.713367 -32.12666
4473713134000 5.8962646 6.0924377 -31.270313
4473752915000 6.490912 5.260675 -32.39038
4473792697000 6.851453 5.2724 -32.338062
4473832479000 6.183435 4.4952517 -32.002663
4473872262000 7.1625915 4.2105103 -32.67212
4473912046000 6.4523683 4.5010376 -31.553175
4473951830000 5.2290225 5.2196593 -32.573486
4473991614000 4.9091797 6.06922 -32.644924
4474031399000 5.364905 8.123499 -32.22776
4474071185000 4.6561522 8.417029 -31.519043
4474110971000 4.320728 8.845721 -32.91421
4474150757000 3.9562378 6.7966247 -33.626003
4474190544000 2.620166 7.1743045 -32.601025
4474230328000 3.9162292 6.0339847 -32.37854
4474270106000 2.3170776 6.4179015 -33.44402
4474309885000 1.1606263 4.7708254 -33.97539
4474349665000 1.8925599 5.1082397 -32.647167
4474389445000 2.5293825 5.1407657 -34.196606
4474429225000 3.583374 6.467932 -34.49165
4474469007000 2.2189577 4.3693423 -32.98838
4474508788000 4.5678835 6.4858947 -32.399097
4474548570000 3.8958802 5.603345 -32.368996
4474588353000 5.5008974 5.2314515 -32.944508
4474628136000 5.8603396 5.240918 -32.5845
4474667920000 6.4589233 4.6117067 -31.96582
4474707704000 6.8227663 4.630188 -32.836548
4474747489000 7.1688294 4.223279 -34.415676
4474787274000 9.527918 4.720337 -32.751858
4474827060000 7.470447 4.9766784 -33.162403
4474866846000 8.547663 5.002832 -31.774708
4474906633000 7.4871707 5.302667 -33.579834
4474946417000 6.9688234 7.749353 -32.495583
4474986195000 5.730176 10.076947 -33.154568
4475025974000 4.1637025 11.208478 -33.41626
4475065754000 4.9050965 13.594525 -32.96702
4475105534000 4.5427184 13.579053 -32.506542
4475145314000 4.833881 12.087268 -32.93357
4475185095000 4.47334 12.075549 -32.98589
4475224877000 3.0791504 11.16731 -32.752712
4475264659000 3.4237487 10.757392 -33.921608
4475304442000 3.7798767 10.760108 -32.638527
4475344225000 3.744269 10.006482 -32.621803
4475384008000 3.764618 10.437128 -32.631348
4475423792000 3.366327 9.570117 -33.485058
4475463576000 3.388141 10.003766 -33.904884
4475503361000 3.3648622 9.567115 -33.074806
4475543147000 2.9858034 9.128504 -33.630398
4475582933000 2.373401 7.602924 -33.572853
4475622719000 3.274756 7.6322207 -33.442066
4475662499000 3.9384096 6.46839 -32.900906
4475702277000 2.839386 6.008588 -33.8688
4475742052000 4.6123047 7.257544 -34.87732
4475781832000 5.472211 4.5892396 -33.442993
4475821611000 5.5245485 5.6688538 -33.877125
4475861392000 5.5419617 6.0934877 -33.06619
4475901173000 6.2426944 5.6862855 -32.951977
4475940954000 7.453711 4.650696 -32.744995
4475980736000 7.9240174 6.929297 -33.563354
4476020518000 6.950311 7.322461 -32.99883
4476060301000 7.0603943 9.68725 -32.538574
4476100084000 5.5172 11.255432 -33.63035
4476139868000 6.1833377 12.125958 -32.01948
4476179652000 6.1728945 11.715594 -34.77908
4476219436000 5.497223 10.825538 -33.72334
4476259221000 4.400336 10.467395 -33.87312
4476299006000 2.667096 8.048365 -34.363674
4476338787000 2.9513001 8.3771305 -33.921364
4476378565000 2.3752382 7.6066775 -34.08567
4476418343000 1.0232178 7.562726 -34.28186
4476458122000 0.642334 7.1203613 -34.32461
4476497901000 -0.019854737 8.287201 -35.276
4476537681000 1.0791749 8.746997 -34.308132
4476577462000 -0.69118655 7.503302 -34.01753
4476617243000 -0.6671692 7.9414554 -35.05271
4476657024000 0.642334 7.1203613 -34.32461
4476696805000 0.26107788 6.677246 -34.26482
4476736588000 1.216217 5.9543457 -33.899097
4476776370000 2.2611756 5.136481 -34.851223
4476816153000 1.8468262 4.042145 -34.059155
4476855937000 2.61886 1.2782593 -34.686718
4476895721000 3.7030456 1.3186829 -35.24773
4476955393000 4.273993 0.14665528 -34.00171
4476995170000 6.256598 0.21036378 -33.611427
4477034951000 6.329651 1.7213745 -34.157665
4477074729000 5.1102905 2.5454042 -34.872707
4477114508000 6.8606324 5.2911744 -34.902126
4477154286000 6.2558107 7.7424316 -34.856567
4477194065000 5.756763 10.520362 -34.907692
4477233845000 4.7964845 11.232739 -33.837524
4477273625000 5.793842 11.27699 -35.334667
4477313405000 4.7994204 11.238746 -34.65801
4477353186000 5.1617923 11.254224 -35.118507
4477392968000 4.1481323 10.787592 -34.740017
4477432749000 2.1513612 10.403162 -35.430836
4477472532000 2.762329 9.993774 -35.4323
4477512314000 1.7501343 9.530151 -35.46404
4477552098000 2.1855042 11.153778 -35.037304
4477591881000 1.8674988 12.007105 -35.62156
4477631660000 0.79970706 10.3599615 -35.72959
4477671445000 0.09205323 10.655744 -35.328564
4477711222000 2.1843994 11.151526 -34.729614
4477750999000 2.168097 10.729144 -35.848267
4477790778000 1.7486695 9.527143 -35.053783
4477830556000 2.6689332 8.052118 -34.876465
4477870335000 1.6589295 7.5930057 -35.52361
4477910114000 1.263202 6.7312503 -37.09524
4477949894000 1.5841004 5.9810915 -35.89802
4477989673000 0.21466064 5.512506 -36.90513
4478029454000 2.5047302 4.506818 -35.82327
4478069234000 1.5419312 5.116803 -35.468655
4478109017000 2.518158 4.8260436 -35.317627
4478148798000 2.5933595 6.438709 -35.045776
4478188580000 2.704541 8.805743 -34.89319
4478228363000 3.054187 10.435462 -35.710304
4478268146000 0.891272 12.297858 -35.772583
4478307929000 -0.46185303 12.251655 -35.661083
4478347713000 -1.4493042 12.227686 -36.933132
4478387494000 -4.241034 10.501587 -34.110256
4478427271000 -3.5115113 10.542297 -36.36455
4478467048000 -3.943274 9.023328 -36.383423
4478506826000 -4.938794 8.982837 -35.39912
4478546607000 -3.3726869 7.8505554 -35.03484
4478586386000 -3.0295594 7.4376345 -35.793457
4478626165000 -4.979486 8.121546 -35.380005
4478665944000 -3.6715515 11.810791 -35.747852
