6343028974000 0.8188883 -3.604832 2.3278177
6343064874000 0.5665113 -2.9422708 1.4278743
6343103568000 0.41009724 -2.0135612 0.77451223
6343142133000 0.34146547 -1.4321318 0.6237685
6343181152000 0.14307913 -0.8518719 0.9964769
6343220307000 -0.02505169 -0.5705385 0.41243833
6343259606000 -0.3221662 -0.627956 0.20363642
6343299011000 -0.35559797 -0.4762956 0.11742302
6343338488000 -0.17140977 -0.35552636 0.21911134
6343378026000 -0.013331363 -0.20146787 0.27303535
6343417608000 -0.0106382985 -0.11560283 -0.06653606
6343457232000 0.035109356 0.007615656 0.07926064
6343496885000 0.0671162 -0.10405739 -0.039476193
6343536564000 0.08836392 -0.20594203 -0.16203956
6343576267000 0.045630302 -0.19449537 -0.3470479
6343615990000 -0.018357186 -0.0860497 -0.16503231
6343655602000 -0.2531811 -0.17137635 0.28731078
6343695121000 0.3866611 0.33435923 0.4774481
6343734667000 0.22538045 0.37588307 -0.036267366
6343774236000 -0.06341675 0.040874407 -0.42654437
6343813827000 -0.044462193 0.101709574 0.42970172
6343853438000 -0.112458564 -0.1313878 0.23361781
6343893067000 -0.0604445 -0.0465762 -0.20153251
6343932712000 0.17021707 -0.07112814 -0.3702447
6343972372000 0.17503941 -0.20086394 -0.08556039
6344012046000 -0.002998326 -0.10357675 -0.24537873
6344051732000 -0.26039428 -0.3692634 -0.54430556
6344091430000 0.1963747 0.028196512 -0.4593575
6344131140000 0.47342452 -0.13046125 -0.093145214
6344170859000 -0.16263643 -0.338992 -0.8361743
6344210532000 0.64880073 -0.33196294 0.67076194
6344250140000 1.5133243 -0.12839743 2.3834858
6344289758000 -0.22022338 -0.19409673 -0.7421642
6344329389000 1.1150978 -0.047604807 -0.38551074
6344369031000 0.81927514 0.3797997 0.14793593
6344408684000 0.40906012 0.6628437 -0.086017676
6344448346000 0.038455967 0.14939699 0.06572143
6344488017000 -0.3216876 0.040705618 -0.014897919
6344527697000 -0.19209906 -0.085347004 -0.090831816
6344567385000 -0.080611125 -0.17437689 -0.0017603367
6344607081000 -0.4804048 -0.26275405 -0.31817204
6344646785000 -0.3179106 -0.07013634 -0.04986703
6344686495000 -0.33913836 -0.016891092 0.120438516
6344726212000 -0.011629535 0.06838019 -0.05796003
6344765906000 0.07372495 0.22046646 -0.46281952
6344805547000 -0.21746159 0.08474905 -0.102258146
6344845195000 -0.1847544 0.016291942 -0.1623963
6344884851000 -0.12313708 0.03806182 -0.17233524
6344924514000 -0.22635575 -0.1481532 0.30999523
6344964184000 -0.013807061 -0.12242541 0.33626682
6345003861000 0.1036093 0.11274026 -0.38399643
6345043544000 0.014196793 -0.046062343 -0.009014169
6345083233000 -0.30017316 -0.20804086 -0.15474203
6345122928000 0.016549096 -0.04307468 0.24829248
6345162629000 0.14747773 0.07990498 -0.040609848
6345202335000 -0.05830442 0.044718597 -0.17711106
6345242047000 -0.6613767 0.060124688 0.53185993
6345281744000 0.8677244 -0.2036451 0.85061616
6345321370000 -0.20996176 0.3620341 -1.0824652
6345361037000 0.36115545 0.45354557 0.9742982
6345400701000 -0.02614326 0.28623727 0.25082615
6345440371000 -0.04753792 0.09024105 -0.056992173
6345480045000 -0.14136437 0.25894487 -0.9010434
6345519725000 0.16232987 0.2864818 -0.11085213
6345559410000 -1.0083203 -0.61447364 -0.47894865
6345599100000 0.43279594 0.5319395 -0.042301953
6345638795000 -0.461088 -0.2941136 0.23303422
6345678494000 -0.7598928 -0.46524873 0.1261014
6345718199000 0.6548861 0.735063 -0.030326754
6345757907000 -0.5274466 -0.26774687 0.19403747
6345797619000 -0.09977192 0.02775149 0.6809049
6345837335000 -0.0967957 0.03061316 -0.15708177
6345877048000 -0.54802775 -0.3069217 -0.46650958
6345916717000 0.08716611 -0.10111432 -0.06494331
6345956391000 -0.019144896 -0.08053944 -0.25230876
6345996069000 0.26908115 0.13367905 0.025093028
6346035752000 0.03504146 -0.108304106 0.001299453
6346075438000 0.038289044 -0.031379603 0.20552605
6346115129000 0.46434888 0.18645264 0.29024726
6346154824000 0.020506486 0.030904055 -0.045946524
6346194522000 0.17220894 0.34756055 -0.22808182
6346234224000 0.21110408 0.2577274 -0.2732269
6346273928000 -0.121202044 -0.11345912 0.5348856
6346313618000 0.27966684 0.23973949 -0.21081483
6346353331000 -0.11502994 -0.10339509 -0.34358948
6346393048000 -0.16271548 -0.15552285 -0.22747609
6346432766000 -0.045511603 -0.04900811 -0.10118016
6346472442000 0.08414571 0.08441655 0.23992054
6346512123000 0.058630332 -0.03942801 0.03884772
6346551806000 0.11152094 0.06708343 -0.26638725
6346591493000 -0.09796751 -0.14555518 -0.14104362
6346631184000 0.021407904 -0.09188916 0.27899092
6346670878000 0.16218957 0.10163087 -4.6746785E-4
6346710576000 0.09255183 0.069882855 0.12157936
6346750277000 0.05508205 0.003142988 0.2505568
6346789980000 0.077396385 -7.433996E-4 -0.13686274
6346829687000 0.2299487 0.20317914 -0.15394178
6346869397000 -0.23554993 -0.20162798 0.20681472
6346909085000 0.12055209 0.07579773 -0.07228334
6346948801000 -0.024886305 -0.03075681 0.088900894
6346988500000 -0.22800438 -0.20209725 0.051996075
6347028185000 -0.014072294 0.035491943 -0.18177018
6347067870000 0.12852381 0.08933065 -0.06931752
6347107558000 0.28877124 0.17100017 -0.08750687
6347147249000 -0.08279621 -0.079725415 -0.044517186
6347186943000 -0.0047634137 -0.06073491 -0.32762015
6347226640000 0.077123895 0.16985543 -0.27344236
6347266340000 -0.4946267 -0.35734835 0.11995309
6347306047000 -0.685828 -0.35707062 -0.0066397195
6347345752000 -0.9318291 -0.3944812 0.24913643
6347385459000 -0.69360244 -0.35297087 0.14404954
6347425170000 -0.7870222 -0.9302087 0.44263402
6347464882000 -0.37121165 -0.97533727 0.10622594
6347504598000 0.34797183 -1.445756 -0.115528606
6347544306000 0.6788693 -0.71876293 -0.7231075
6347583992000 0.54472697 -0.4718657 1.3509624
6347623680000 0.72761756 0.8407924 -0.37381926
6347663371000 0.22247176 0.0666022 -0.4072824
6347703065000 0.20202154 0.5403073 0.14426382
6347742761000 0.47077912 0.7242322 -1.4145751
6347782460000 0.39744478 0.8219668 0.38518992
6347822161000 -0.64933664 -0.35688028 0.7192427
6347861866000 0.18193546 0.3370889 -0.12146862
6347901572000 -0.80341804 0.1688358 -0.72097254
6347941280000 -0.6582993 -0.0060357824 -1.125012
6347980991000 0.52080184 0.69320124 -0.6747644
6348020704000 0.3804436 0.2573234 0.11935694
6348060420000 0.3539141 0.20950282 1.3580606
6348100115000 0.8788124 0.5961628 0.82753366
6348139804000 0.88399214 0.75742066 1.6768581
6348179495000 1.1045656 0.20303248 0.6735129
6348219189000 1.3545953 -0.14406689 1.6560926
6348258885000 0.10613331 -1.1791443 4.3302107
6348298583000 0.29638 -0.31970164 3.2271419
6348338284000 0.29893073 0.1382415 -2.8090312
6348377986000 -0.62653667 -0.4468535 -1.8715695
6348417691000 0.3899888 -0.19735943 0.29435152
6348457398000 -0.6872098 0.0039004537 0.46838543
6348497107000 -1.5782875 -0.6408368 -0.5789299
6348536818000 -0.30167884 -0.07183772 -2.8129282
6348576531000 -0.11981946 0.21327907 -3.8700228
6348616247000 -0.095138386 0.3559714 -2.6222804
6348655946000 -0.5450876 -0.06207596 -1.8442205
6348695638000 -0.37501666 0.66260874 -0.94004494
6348735331000 -0.8619871 0.41372463 0.18557577
6348775027000 -0.2976895 0.3813562 1.3837851
6348814724000 0.124494895 0.9501299 4.420515
6348854425000 1.055005 1.4443601 1.2550368
6348894126000 -0.086723216 0.36887106 4.89035
6348933830000 -0.35512212 -0.76830316 6.32774
6348973536000 -0.26606792 -0.6419878 -1.1435156
6349013244000 -0.8175542 -0.83420926 -2.4202175
6349052953000 -0.7424844 -1.2035735 -0.06779661
6349092665000 0.5377796 0.027391462 -1.0232704
6349132378000 -0.13401727 -0.1856895 -3.5965781
6349172093000 -0.30616334 -0.47747952 -3.3368156
6349211794000 0.072575025 -0.3941107 -2.5780447
6349251487000 -0.52642936 -0.52954173 -2.3288567
6349291183000 -0.16300416 -0.32229215 -1.5382141
6349330880000 -0.048411008 0.04225287 -1.551575
6349370579000 -0.3019521 0.42667845 0.17182226
6349410280000 -0.21959732 1.0357897 1.7628417
6349449983000 0.0029355905 0.9143728 1.8477472
6349489687000 1.2905313 0.18225202 3.6576219
6349529394000 1.0871048 -0.17857632 6.651211
6349569102000 0.31629208 0.14177714 1.6833745
6349608812000 -0.39574507 -0.7093487 -2.839401
6349648524000 -0.3261953 -1.3899738 2.193069
6349688238000 1.2794849 0.018243518 0.62061477
6349727953000 1.0513989 0.77434045 -3.3422737
6349767656000 0.04817545 0.4509305 -4.531975
6349807353000 -0.51513004 -0.026510097 -3.2965128
6349847050000 -0.9368277 -0.76370245 -3.554419
6349886748000 -0.08070883 -0.5231887 -2.2200785
6349926449000 0.38224953 0.118655734 -0.046821006
6349966151000 -0.7749821 0.0950103 0.41689396
6350005855000 -0.33728817 0.45417824 1.2007765
6350045560000 0.27778476 1.4029974 2.8135312
6350085267000 0.35868692 0.3495633 1.579745
6350124976000 -0.38453346 -0.8341183 6.2330227
6350164686000 -0.8148544 -1.5071652 5.33885
6350204398000 0.081700034 -0.5403393 -1.0486064
6350244112000 -1.1711333 -1.5786359 -0.030720001
6350283820000 -0.14052878 -0.98914045 0.52932924
6350323523000 0.07568423 -0.6445373 -2.3817463
6350363220000 -0.12637159 -0.3162414 -4.215013
6350402918000 -0.026186861 -0.33938885 -5.0782614
6350442618000 0.84462345 0.59791535 -3.5034778
6350482319000 0.15565228 0.27075997 -3.264625
6350522022000 0.846708 0.8049919 0.14043728
6350561726000 0.71495616 0.904471 2.8376975
6350601432000 -0.049934518 0.7053333 3.3794467
6350641140000 1.0617741 0.58105505 3.987906
6350680849000 1.8638439 0.9354843 5.941791
6350720560000 -0.33685115 -0.9112454 2.154988
6350760272000 -0.90921235 -0.9221866 -2.3717685
6350799981000 -0.33493662 -1.472847 1.891834
6350839677000 0.34736976 -0.23160324 -0.84534353
6350879373000 -0.6202432 -0.29850158 -3.8976166
6350919071000 -0.8533578 0.07129573 -5.025481
6350958770000 -0.88605744 -0.014875773 -3.7862334
6350998471000 -1.9630159 -0.65826565 -2.6784604
6351038173000 -0.57352734 -0.38659382 -1.30031
6351077877000 0.19288197 0.35945255 0.13849498
6351117582000 -0.3702519 0.917403 2.4664137
6351157289000 -0.24596804 1.0090054 3.0077822
6351196997000 1.3264631 2.164385 1.6267487
6351236707000 1.4194402 2.1122813 7.1312714
6351276417000 -0.61699384 -0.8270907 8.505919
6351316119000 -0.0035523593 -0.44924948 0.8491431
6351355829000 -0.59300715 -0.5942663 -2.0986638
6351395533000 -0.28625146 -0.9390208 -0.44714886
6351435237000 0.41217822 -0.82080084 -2.1315708
6351474936000 -0.1243336 -0.8810174 -4.092355
6351514636000 -0.42774403 -0.97160053 -4.777271
6351554338000 0.10315538 -0.61964154 -4.814537
6351594041000 0.4406567 -0.048700456 -4.784242
6351633745000 -0.19110005 -0.44058847 -3.7565622
6351673451000 0.75921017 0.27129027 0.5312093
6351713158000 1.1546131 1.3150709 1.9976667
6351752866000 0.6718923 1.0868783 3.642673
6351792576000 1.7570956 1.750779 7.0810595
6351832287000 0.90482205 1.1861862 5.985582
6351871999000 0.21745814 0.77821606 -0.53375673
6351911713000 0.39006618 -0.08765112 -0.9775687
6351951419000 0.84289664 -0.65248877 0.9725582
6351991118000 -0.41589767 -0.7977668 -1.4906808
6352030817000 -1.362137 -0.8955978 -4.248028
6352070526000 -1.2817138 -0.6033053 -4.009135
6352110246000 -0.9707462 -0.21035814 -3.3390625
6352149967000 -1.2110931 -0.86977065 -2.3213718
6352189689000 -0.24804266 -0.06472844 0.22348675
6352229413000 -0.7504154 0.47361347 1.2266141
6352269138000 -0.11549015 1.0621436 0.6225373
6352308864000 0.2962176 1.5679518 3.9575057
6352348591000 0.8433903 1.7869606 2.6072454
6352388319000 0.48339808 0.89114517 5.6042047
6352428048000 -0.2679284 -0.8590515 5.552498
6352467770000 0.8887366 -0.16168043 -1.6377441
6352507492000 -0.15014413 -1.0164436 -2.2714827
6352547208000 0.18733667 -1.2400699 0.08328829
6352586925000 0.18073192 -0.9827234 -0.80828065
6352626644000 -0.5237773 -1.3245522 -3.6759877
6352666363000 -0.9256275 -1.3281819 -4.1898694
6352706084000 -0.19769529 -0.6359909 -3.9885173
6352745806000 0.048981212 -0.31171548 -2.8853793
6352785529000 1.0010291 0.299347 -0.3736774
6352825253000 1.0736262 0.9350387 1.7540975
6352864978000 -0.13952082 0.62958497 1.506886
6352904705000 0.69147205 0.6705985 1.6268307
6352944432000 1.5502826 1.0573883 6.235133
6352984161000 0.19070055 0.28205162 6.1934056
6353023884000 0.069210455 0.44946557 -0.22579655
6353063599000 0.5257943 0.20790918 -1.574913
6353103315000 0.8840006 -0.03781731 -1.1752106
6353143032000 -0.13226512 -0.54203767 -1.2458587
6353182750000 -1.5725434 -0.84688026 -3.167357
6353222470000 -1.4504455 -0.42081594 -4.10828
6353262203000 -1.5513873 -0.20172735 -2.655491
6353301940000 -0.92828315 -0.082854934 -1.2289449
6353341678000 -0.114708744 0.29987884 0.30593947
6353381417000 -0.111961864 0.56954557 1.7358842
6353421157000 0.18915035 0.86572444 2.3367982
6353460899000 0.8536753 1.4537433 2.7096574
6353500640000 1.5275204 1.7947444 4.5242114
6353540374000 -0.28785113 -0.26147553 7.3204317
6353580109000 0.46312195 -0.20870435 1.6694726
6353619840000 -0.05435309 -0.5038678 -2.7305894
6353659571000 -0.7007941 -1.1533666 -0.5274941
6353699303000 -0.22608604 -0.88583964 -0.832331
6353739036000 -0.08396592 -0.7596736 -2.8929205
6353778769000 -0.45242167 -1.0636696 -3.8036675
6353818504000 -0.1016832 -0.5338672 -4.1033144
6353858240000 0.2720407 -0.38448125 -3.6120648
6353897977000 0.701652 -0.19768862 -3.1095147
6353937714000 0.19947515 -0.29893464 -0.08101978
6353977453000 0.80337846 0.41993997 2.5845256
6354017184000 0.8996694 1.4242672 0.7147171
6354056924000 0.8399009 0.5296845 3.690477
6354096661000 -0.18580142 -0.25123104 8.455181
6354136395000 0.6393409 0.7407133 0.95029575
6354176124000 -0.61169714 0.16128449 -1.5662675
6354215854000 -0.40563694 -0.76012397 1.1523226
6354255584000 0.025378313 -0.04758326 -0.06353014
6354295316000 -0.71826786 -0.06388089 -2.969521
6354335049000 -1.5676625 -0.5333973 -3.431423
6354374784000 -1.0456655 -0.31514725 -2.784584
6354414519000 -0.2750378 -0.39099976 -1.7611281
6354454254000 -0.2741657 -0.12199684 -0.29529724
6354493991000 0.32751548 0.48338452 0.79821664
6354533728000 0.4653811 0.9766984 0.008593388
6354573467000 -0.26221883 0.65398276 1.5518993
6354613206000 0.68138635 1.4229839 2.2508984
6354652936000 1.0251185 1.1255399 0.3956849
6354692664000 -0.9611181 -1.164514 8.840019
6354732392000 0.36967483 -0.8586942 2.5591471
6354772121000 0.37518743 -0.006377255 -3.3797987
6354811851000 -1.229279 -1.7024722 -0.123307966
6354851583000 0.8706108 -0.16737714 0.61806613
6354891315000 -0.008097938 -0.41855434 -2.290398
6354931048000 -0.84006745 -0.9254736 -3.585779
6354970781000 -0.3187384 -0.5992501 -3.823626
6355010516000 0.037690755 -0.13097839 -3.3540196
6355050251000 -0.77836984 -0.5588378 -2.248552
6355089988000 -0.22740266 -0.0012964602 -1.324458
6355129725000 0.57276416 0.87762904 0.23234111
6355169455000 0.06717984 0.6073871 1.4758039
6355209186000 -0.22586308 0.67792773 0.31160653
6355248913000 2.058767 0.926805 1.6463943
6355288641000 0.116515994 -0.24013184 9.036007
6355328370000 0.46023992 0.42935845 2.7296214
6355368099000 -0.015442076 0.15341865 -1.4562725
6355407829000 0.42446718 -0.32564375 0.22007142
6355447560000 0.050387993 -0.33930326 -0.45311043
6355487292000 -0.8322599 -0.39544997 -3.02268
6355527025000 -1.3562405 -0.38089773 -3.8917303
6355566759000 -0.3220714 0.16729723 -3.5152297
6355606494000 -1.2293417 -0.6464383 -2.5441043
6355646230000 -0.26655102 -0.1254029 -1.1279987
6355685966000 -0.27041703 -0.049038637 -0.16531004
6355725703000 -0.18351515 0.25552356 0.33732805
6355765434000 0.55011547 1.0402794 1.8156027
6355805160000 0.6481737 1.0302818 1.7578186
6355844888000 0.5702605 0.48545012 4.063556
6355884616000 -0.84179664 -0.93492675 8.280121
6355924344000 0.7350479 -0.20324677 1.3997334
6355964074000 -0.28277642 -0.8823303 -1.5926163
6356003804000 -0.15413491 -1.0742642 0.33476084
6356043536000 0.34612572 -0.70284873 -1.3216903
6356083268000 -0.16217975 -1.0095237 -3.619247
6356123001000 -0.14306691 -1.2577438 -5.546001
6356162735000 0.55736464 -0.57858425 -4.6143327
6356202469000 -0.34195012 -0.8604931 -3.1699522
6356242204000 -0.4419635 -0.64912254 -1.371938
6356281940000 -0.41682634 0.029838037 0.39088455
6356321666000 0.6371919 0.94897354 2.850798
6356361392000 -0.28473103 1.1165308 3.0445008
6356401118000 1.8492541 1.8405 3.278564
6356440846000 1.0294324 0.6936487 6.050162
6356480574000 -0.007986234 -0.25955838 3.376852
6356520303000 -0.06517769 -0.25857198 -1.027143
6356560033000 0.13998695 -0.69687665 -1.033256
6356599763000 0.36957434 -0.6849769 -2.001725
6356639495000 -0.2686019 -0.19194883 -2.329922
6356679227000 -0.76007754 -0.14939728 -3.2965755
6356718960000 -0.7413309 0.055030126 -3.1187503
6356758693000 -0.57434094 -0.3314497 -2.2911832
6356798428000 -0.6279687 -0.3393251 -0.646207
6356838153000 -0.56396544 -0.25826523 0.5250406
6356877878000 0.4613075 0.828163 0.22766343
6356917603000 0.16831043 0.9035025 2.5093346
6356957329000 0.75407666 1.306112 2.9271305
6356997056000 0.6226015 1.3048776 3.5555696
6357036784000 -0.8349151 -0.64942926 7.7361226
6357076513000 1.0156425 0.031726465 -0.896085
6357116242000 -0.21921326 -0.9140744 -0.56856066
6357155972000 0.33931497 -0.9084184 0.8912254
6357195702000 0.2654588 -0.58516145 -1.8166884
6357235434000 -0.66674584 -1.0577197 -3.6545627
6357275166000 -0.6428478 -0.8269707 -4.2538934
6357314899000 -0.2677671 -0.40075794 -4.287847
6357354633000 -0.061843704 -0.044980463 -2.1348903
6357394359000 0.18449901 0.1543419 -0.9199642
6357434083000 1.0535923 1.1102158 -0.1442321
6357473808000 0.46942657 0.77591944 2.544144
6357513534000 0.82053304 1.0519308 1.6914089
6357553260000 2.0841825 1.3332064 2.9941525
6357592987000 -0.07543374 0.2332943 8.030883
6357632715000 0.39825875 0.17470609 -0.21804772
6357672444000 -0.37335533 -0.6603633 0.5906238
6357712173000 -0.2397757 -0.7152767 0.61276835
6357751903000 -1.2863177 -0.019883845 -3.9911842
6357791634000 -0.16270912 -0.08359684 -1.6311654
6357831365000 0.81871843 0.25826073 -3.5474808
6357871098000 -0.36881882 -1.0149592 -1.2343295
6357910831000 1.1385496 -0.13220511 0.59030056
6357950558000 -0.82432824 -1.1876284 -2.3896897
6357990281000 0.144041 0.24837267 -0.86035156
6358030006000 -0.78900284 -0.72237074 1.7287416
6358069731000 -0.058707617 0.035095103 0.41783246
6358109457000 0.64183545 0.39795822 -1.2749728
6358149184000 -0.43523294 -0.5025112 1.9387227
6358188911000 -0.48310605 -0.034525286 0.7026982
6358228639000 -0.22258009 -0.17232835 -0.06715855
