1488459753068 -1.1767428 -0.17605317 -1.3954763
1488459753736 2.4203153 -1.4423217 2.3929205
1488459754351 -2.1614213 -0.39031896 -0.03118515
1488459755127 0.557369 0.24775235 0.29141426
1488459755735 -1.4422332 0.11486411 3.145465
1488459756288 0.70440865 -0.74473965 1.1260166
1488459756903 0.05789566 0.40850377 0.1696806
1488459757499 0.27290058 0.57918763 0.29251432
1488459758065 -1.4996614 -1.1219203 -0.73318005
1488459758667 -0.25252724 -0.5221634 0.39091635
1488459759213 1.5229354 0.6658809 0.111866
1488459759683 0.39123726 -0.814873 -1.0809798
1488459760224 0.69821787 0.28369564 2.8785949
1488459760766 0.17441845 0.21037528 -0.10893822
1488459761266 -0.6559386 0.90715826 1.4921088
1488459761768 0.23161554 -0.64940715 0.2088008
1488459762296 0.0434494 -0.92481065 -0.048368454
1488459762795 -0.07385206 0.32868123 1.3110251
1488459763316 0.77612257 -0.5714667 0.41145658
1488459763793 1.192852 0.39087772 -0.123472214
1488459764255 0.532115 -0.311378 0.39556694
1488459764715 0.29753017 -0.09773874 0.14182377
1488459765253 1.6211605 0.31011868 -0.9939046
1488459765763 -0.15877008 0.84223014 0.37728453
1488459766292 0.13719368 -0.06497546 0.22234917
1488459766799 -0.0074515343 0.25030863 0.22876596
1488459767341 -0.26465988 0.15198562 0.1472969
1488459767990 0.21562433 -0.85826576 0.33322287
1488459768608 -0.3684802 1.4307278 0.8608675
1488459769154 0.093197346 -0.3532532 0.13913584
1488459769795 0.6609535 -1.5218766 -1.0509124
1488459770320 -1.1200409 0.87348384 -1.2897143
1488459770919 -0.72681236 1.1419605 -0.4380002
1488459771444 -1.1575799 1.1876491 0.2688141
1488459772088 -0.82823277 -0.7611308 0.63912797
1488459772703 -0.5031929 0.24058598 -0.72847897
1488459773394 0.18888855 -0.93781984 0.34209514
1488459773905 -0.44980335 0.047281176 -0.35750717
1488459774402 -0.046943665 0.27156597 -0.8240526
1488459774909 0.7924328 -0.71723056 0.8043313
1488459775398 -0.74756145 0.040472 -1.2121826
1488459775867 -0.46877575 -0.010943711 1.11528
1488459776429 1.1069698 0.090323836 1.8973277
1488459776929 2.7731152 0.54248834 0.36844993
1488459777373 -0.9410343 0.15055004 -1.2638197
1488459777881 -0.45901108 0.061359882 -1.2833829
1488459778443 -2.0051765 -0.39231968 -0.21728617
1488459778940 1.469368 -0.39294428 1.4730877
1488459779696 -2.1312513 -0.37608576 0.0083399415
1488459780395 -1.2302647 -0.31001168 -0.9472936
1488459781188 1.3427229 0.59485924 0.40674913
1488459781711 -0.59323025 -0.06481528 -1.5858724
1488459782247 -0.44849873 -0.816025 -1.0510924
1488459782807 -1.8573565 -0.11006665 -0.75051963
1488459783300 -1.1766262 0.47538614 0.4572838
1488459783822 0.6979637 0.7118425 2.1667092
1488459784313 -0.55022526 -0.6427347 -1.7093863
1488459784853 -0.26067734 -0.19577742 0.32001698
1488459785349 0.43129158 0.785043 -0.25255084
1488459785821 -0.4359827 -0.1565386 -0.38084698
1488459786259 -0.84206295 0.40824795 0.9938606
1488459786731 -0.59558105 -0.22009903 -0.55746144
1488459787248 0.5027075 0.364282 0.28145552
1488459787674 0.88744354 0.76341414 -0.25517067
1488459788160 -1.4429379 -0.24759007 -0.77642864
1488459788709 1.266284 -0.2609899 1.6354048
1488459789224 1.3178301 -0.10589987 -1.094584
1488459789705 -0.49439907 -0.6177023 -0.57009447
1488459790171 -1.1855907 -0.16345164 -1.094655
1488459790660 -2.2821774 0.24004936 0.2166686
1488459791087 -0.60692406 0.26638156 -0.9695587
1488459791557 2.5018864 0.7862065 -0.82280284
1488459792100 1.3834066 0.6873276 1.313883
1488459792624 3.414236 0.17951134 -1.860887
1488459793132 2.0455093 -0.23398528 -0.3910523
1488459793755 -0.70209503 1.5234294 0.15928793
1488459794169 1.493535 -0.741307 -2.034355
1488459794700 3.1659212 0.43487754 0.0030595288
1488459795162 1.6359081 -0.4811162 -1.1267952
1488459795636 -0.95026684 0.59147483 -1.5503964
1488459796110 -3.1397572 -0.53913206 -0.02568711
1488459796695 -3.485969 0.5416644 -0.8062907
1488459797205 -3.745398 -0.46410984 -0.7482912
1488459797803 -1.9165769 -0.25680125 -1.25689
1488459798292 -1.9383831 -1.5837501 -0.6619933
1488459798886 -1.7421265 -0.23565617 -0.9399338
1488459799461 -2.3207846 0.0050861835 -0.5917197
1488459800132 -1.452898 -0.7113912 -0.6782123
1488459800668 -3.4556541 -1.3613173 -1.0227444
1488459801182 -1.800322 -0.5983456 -0.6130869
1488459801707 -0.26226425 0.37880027 1.0722253
1488459802410 -1.6610212 -0.5498419 -1.9564476
1488459803144 3.5343275 -0.19184506 2.1941512
1488459803619 5.413418 1.3668904 -2.506431
1488459804098 2.4734545 -0.75494075 -0.6087455
1488459804686 -4.2021914 -0.31174833 0.6782012
1488459805140 2.6893396 1.4041324 0.3312803
1488459805744 -3.846426 0.48073363 0.30042553
1488459806259 0.0019636154 -0.71129036 -0.3180189
1488459806840 3.1747932 0.4376704 -0.04519698
1488459807605 -2.578061 -0.03149116 -1.1456797
1488459808110 -2.7114773 -0.07719606 -0.3200329
1488459808534 -1.1538906 -0.9716072 -0.30881488
1488459809021 -0.10762215 0.16912848 0.23318842
1488459809467 4.083124 -1.4780233 1.8018641
1488459810017 2.1888351 0.2843746 0.32224196
1488459810480 2.184043 -0.41209787 0.35589713
1488459810935 3.4386234 0.22339141 -0.47145805
1488459811373 0.60304165 -0.49416855 -1.9161158
1488459811848 -1.6163397 0.3010869 -0.9854431
1488459812326 -1.3318796 0.20985359 -0.5774803
1488459812971 2.9450903 -0.349431 -0.42248863
1488459813470 1.3293724 0.39121377 0.64162076
1488459813978 0.5048075 0.057605773 -0.43561625
1488459814516 2.054492 -0.16516745 -0.042740524
1488459815100 3.053401 0.55343467 -0.28773803
1488459815578 2.2801905 0.037676573 0.3520507
1488459816232 3.4536133 1.0692332 1.7106518
1488459816859 -1.2970448 0.09163609 -0.15652806
1488459817341 0.4930172 0.41137046 0.48547187
1488459818012 -2.214579 -0.16619185 -0.84681153
1488459818686 -2.0130281 0.30284196 -1.3081958
1488459819345 1.4907942 0.04739012 -0.22543499
1488459819871 3.9078798 -0.89539665 2.1217127
1488459820673 -3.8147655 -0.78391224 -0.7734668
1488459821174 -3.7950912 -0.095078334 -1.6837327
1488459821684 -2.4885302 0.07582038 -0.39109993
1488459822153 0.4559698 -0.71556115 1.42515
1488459822696 -0.8829279 0.062064826 0.52055305
1488459823161 -0.84695244 -0.09685323 0.029271424
1488459823685 2.7222729 0.7317089 3.2726693
1488459824154 2.386262 -0.10480886 0.5256395
1488459824689 5.070259 -0.89629245 -0.21735094
1488459825180 2.6527176 -0.7380781 -1.3892373
1488459825735 2.7933216 0.1262129 -1.9837048
1488459826191 1.259532 0.38967496 -0.095360786
1488459826670 -0.631629 0.49178663 -0.716975
1488459827153 -1.9494123 0.15911445 0.8622843
1488459827602 -3.1365952 0.09662263 -1.064447
1488459828072 -1.4367161 0.05038637 0.5895991
1488459828600 -1.330143 -0.21639615 -0.7666154
1488459829059 0.75941944 0.24576604 0.40866086
1488459829605 -1.4103947 0.8824492 1.0875899
1488459830156 -0.49763203 0.31681818 0.78531396
1488459830714 -0.97880936 -0.05578208 0.14310497
1488459831309 -3.9222312 0.5100529 -0.24119946
1488459832061 0.8202963 -0.22206396 0.059910268
1488459832647 2.897109 -1.0566703 0.0021799803
1488459833197 2.9770975 0.75645053 -0.52371216
1488459833660 0.34392452 0.38640842 -0.6535972
1488459834207 -0.0870924 0.33057255 -0.4130125
1488459834882 4.492366 -1.1823043 -0.2945748
1488459835398 1.9567871 0.29492813 -1.2030057
1488459835881 1.4838123 0.27926496 0.4774024
1488459836342 -0.8466234 -0.6105293 -1.7655876
1488459836900 0.69377995 -0.03998363 -0.33661038
1488459837393 -1.7797337 0.050068676 -0.6040864
1488459837836 -3.1662803 -0.6132742 0.10676643
1488459838247 1.0553579 -0.6419035 0.9740087
1488459838772 0.70177174 1.2061625 0.6264532
1488459839266 2.6423903 -0.5090236 -0.19193596
1488459839696 -0.6630125 -0.43161243 0.48098373
