1488459753068 101.92298 -11.381146 -3.1586173
1488459753736 102.311424 -14.722132 -32.50223
1488459754351 32.814125 -2.4105575 26.629364
1488459755127 355.32678 2.4029047 22.55847
1488459755735 332.32755 -6.2127857 15.755054
1488459756288 309.8643 -13.462133 31.507328
1488459756903 266.20276 -11.975285 69.73421
1488459757499 295.13812 -16.489212 63.98212
1488459758065 285.893 -21.897602 59.87387
1488459758667 284.70212 -18.956627 32.92285
1488459759213 274.71417 -12.057516 43.620583
1488459759683 244.45282 -12.500946 37.671173
1488459760224 253.96788 -5.6921773 42.864258
1488459760766 278.88345 -1.6526773 54.048695
1488459761266 255.80418 -9.0651045 48.866085
1488459761768 189.75536 -16.170782 47.276295
1488459762296 215.90947 -14.766946 40.87824
1488459762795 210.31772 -17.845402 36.11567
1488459763316 206.30983 -21.925327 39.156902
1488459763793 197.83757 -27.179817 46.917862
1488459764255 200.43785 -26.43248 50.68657
1488459764715 190.8343 -26.374193 51.208145
1488459765253 189.54382 -21.316425 50.97524
1488459765763 224.96628 0.122804336 42.97334
1488459766292 248.98715 0.6590185 46.01463
1488459766799 242.60254 -1.2373849 48.402016
1488459767341 225.69237 -0.4933609 47.164925
1488459767990 225.83018 -0.37736043 47.316387
1488459768608 254.38928 1.8408922 44.794346
1488459769154 277.7791 -0.31886733 42.98856
1488459769795 279.53455 3.244891 46.669525
1488459770320 314.05627 -0.12823008 52.253597
1488459770919 328.22208 0.6885065 53.66995
1488459771444 315.28586 1.5606111 58.489944
1488459772088 277.04742 -3.2211695 72.47346
1488459772703 227.1831 -4.3968005 85.466995
1488459773394 184.87773 -2.336046 86.149025
1488459773905 167.48885 -1.6158797 86.200386
1488459774402 141.14555 -3.6509283 85.03628
1488459774909 134.0832 -1.5293722 85.84316
1488459775398 138.48416 -0.5853591 85.00593
1488459775867 137.92204 -3.377608 85.547585
1488459776429 136.22173 -0.23463815 81.51612
1488459776929 141.55644 -1.4502553 83.06569
1488459777373 138.80492 -1.9918898 80.81576
1488459777881 142.3785 -1.9884264 80.338036
1488459778443 138.39172 -4.398194 83.44789
1488459778940 133.34471 -0.73962414 80.58867
1488459779696 134.97714 -5.405118 87.504974
1488459780395 134.85982 -4.28417 84.056984
1488459781188 134.1055 -2.627795 83.82168
1488459781711 141.36346 -2.8872979 83.82005
1488459782247 138.43842 -1.9879001 83.54417
1488459782807 141.3112 -3.9474132 84.118546
1488459783300 140.78885 -5.701814 86.51499
1488459783822 132.50836 -5.0237412 82.75931
1488459784313 144.07863 -3.3374457 84.15782
1488459784853 137.25163 -4.1058617 84.64074
1488459785349 134.54535 -4.791046 82.92501
1488459785821 144.22963 -5.560405 81.326
1488459786259 139.76694 -7.748381 81.760574
1488459786731 130.96388 -6.676011 84.921974
1488459787248 132.77937 -7.0658407 82.19967
1488459787674 140.30421 -6.601518 85.7847
1488459788160 132.4558 -6.411762 84.73093
1488459788709 129.27547 -4.4212976 81.8537
1488459789224 143.78036 -2.6864696 86.66622
1488459789705 135.76567 -3.6008313 85.53331
1488459790171 130.77225 -3.3558726 81.70436
1488459790660 128.0975 -4.687608 82.40223
1488459791087 128.1124 -3.3834646 81.48103
1488459791557 139.05655 -1.8344582 89.54633
1488459792100 128.86588 -177.38791 85.46499
1488459792624 130.54578 -178.82808 86.97997
1488459793132 130.65857 -179.83942 88.67566
1488459793755 132.33928 -179.3852 87.235664
1488459794169 123.73514 -177.90303 89.66336
1488459794700 135.8672 -178.79884 89.46443
1488459795162 128.77988 -175.49184 88.82667
1488459795636 126.44623 -4.0838976 89.43815
1488459796110 124.25673 -173.595 89.76745
1488459796695 124.14292 -5.6816716 88.51302
1488459797205 121.70955 -6.8262706 89.59436
1488459797803 117.959854 -8.723991 89.24324
1488459798292 123.3258 -169.92213 86.89058
1488459798886 121.2377 -4.1325974 88.34363
1488459799461 116.02888 -5.9891276 89.052025
1488459800132 119.49602 -4.5071898 88.58585
1488459800668 118.467094 -7.774562 89.89163
1488459801182 118.084625 -3.2458076 84.97321
1488459801707 124.968925 -6.7197323 88.064255
1488459802410 122.61475 -4.1883864 83.19331
1488459803144 124.97763 -8.018731 89.190445
1488459803619 136.30197 -177.26659 87.581825
1488459804098 141.19203 179.44844 87.05416
1488459804686 133.30254 -178.70654 85.984314
1488459805140 134.94655 -174.9819 87.96533
1488459805744 127.08749 -176.57492 88.998276
1488459806259 126.46869 -2.3309243 88.77732
1488459806840 126.67366 -3.943536 87.961174
1488459807605 124.884544 -3.5679479 83.5636
1488459808110 127.75167 -2.9317138 85.5882
1488459808534 128.65019 0.02354537 84.5822
1488459809021 129.06114 -3.4341953 88.76878
1488459809467 130.31561 -0.2809473 84.425156
1488459810017 137.87695 -179.15054 88.88645
1488459810480 134.7646 -1.9744555 89.74666
1488459810935 139.49063 -179.41675 89.83097
1488459811373 137.08794 -179.42085 89.18253
1488459811848 134.75616 -1.2694416 88.648346
1488459812326 136.80447 -0.7742614 88.06629
1488459812971 140.71214 -178.25542 86.912155
1488459813470 134.94946 -178.20782 86.772575
1488459813978 139.97356 -177.37364 86.88557
1488459814516 136.77109 -176.91429 88.24308
1488459815100 149.50049 -177.32947 86.499504
1488459815578 143.66078 -176.76332 87.069916
1488459816232 144.12329 -179.16896 88.29653
1488459816859 130.39766 -1.1957421 85.972404
1488459817341 132.90875 -3.7926068 89.1486
1488459818012 131.63179 1.9424373 87.11986
1488459818686 131.6519 -0.86744666 89.38232
1488459819345 144.39221 -178.65411 87.88544
1488459819871 132.51894 -0.30404216 87.65891
1488459820673 125.39422 -0.68433636 88.51616
1488459821174 127.60859 0.5006182 86.84038
1488459821684 125.907 -0.64111716 87.4377
1488459822153 120.8837 0.94603103 85.49755
1488459822696 117.0342 -1.9808064 86.827065
1488459823161 106.74805 -3.1938126 86.33004
1488459823685 105.72055 -3.136789 84.382614
1488459824154 111.86513 -178.7336 89.45716
1488459824689 113.22887 -179.20111 89.03862
1488459825180 116.52154 -178.87 88.77921
1488459825735 126.175354 -178.48862 89.08055
1488459826191 127.74694 -176.29063 88.32578
1488459826670 124.63732 -179.31326 89.20907
1488459827153 106.35515 -1.7808727 89.06097
1488459827602 100.12222 -0.8902895 88.242676
1488459828072 93.86677 -3.9051065 89.4954
1488459828600 94.08709 -1.8381364 87.21806
1488459829059 93.11229 -3.2168767 89.38267
1488459829605 96.308426 179.82407 89.206
1488459830156 87.57166 -0.894202 88.03762
1488459830714 92.32176 1.1779081 85.33609
1488459831309 89.02881 -1.0346711 88.824814
1488459832061 91.01739 -0.09792788 89.23794
1488459832647 98.70651 1.9538964 88.78448
1488459833197 128.95982 2.0770218 89.08675
1488459833660 134.60393 2.4156914 89.35607
1488459834207 132.85454 2.285193 88.519325
1488459834882 118.37938 179.36101 89.02123
1488459835398 103.459236 -178.99187 89.18106
1488459835881 85.527626 -2.443194 89.07799
1488459836342 80.923874 -2.4172294 87.549934
1488459836900 77.06388 -4.1890116 88.28378
1488459837393 78.26627 -3.0065758 86.24944
1488459837836 79.56292 -5.5817313 88.52539
1488459838247 85.47306 -0.5015899 88.98674
1488459838772 80.6188 -2.311695 87.53747
1488459839266 83.29295 -1.631343 89.948685
1488459839696 82.45614 -1.7631313 86.017296
