1493818386218 -0.34424186 -0.6546794 0.67297286 0.938758 -0.22840168 0.25800434 -0.015201994 0.7205745 0.6932109
1493818386422 -0.35936472 -0.6584588 0.66127837 0.93293756 -0.23678033 0.2712243 -0.02201232 0.71439976 0.6993914
1493818386610 -0.35995823 -0.65113854 0.668168 0.9324443 -0.2270797 0.28103808 -0.031267323 0.72419155 0.68888974
1493818386812 -0.34291413 -0.6637668 0.664698 0.9388604 -0.21894899 0.26571083 -0.030835072 0.71517473 0.6982652
1493818387008 -0.38538337 -0.65549976 0.6494611 0.92247355 -0.2562513 0.2887522 -0.022851741 0.71039104 0.7034362
1493818387220 -0.34951347 -0.6648101 0.66020286 0.9363774 -0.22362654 0.270534 -0.032214884 0.7127543 0.7006737
1493818387409 -0.36723423 -0.64454395 0.6705983 0.9296354 -0.23087129 0.28718716 -0.03028285 0.7288769 0.6839747
1493818387616 -0.39514312 -0.66043466 0.6385044 0.9184996 -0.27281776 0.2862322 -0.014842338 0.6995688 0.71441114
1493818387817 -0.38374695 -0.6565105 0.6494092 0.92248285 -0.24055699 0.3019234 -0.04199595 0.714931 0.69793266
1493818388019 -0.33641723 -0.6745596 0.6571093 0.9414349 -0.22395204 0.25208274 -0.022883885 0.7034307 0.7103954
1493818388217 -0.42687324 -0.65713316 0.62125295 0.90313363 -0.27473858 0.32995215 -0.046140343 0.70192224 0.7107576
1493818388418 -0.3917361 -0.6528912 0.6482869 0.92002374 -0.27032956 0.2836872 -0.009965772 0.70756984 0.70657325
1493818388619 -0.42607647 -0.7148754 0.55444765 0.9018673 -0.3839841 0.19796932 0.071375646 0.5843881 0.80832916
1493818388812 -0.38353625 -0.672638 0.63281757 0.9095918 -0.39370993 0.1327984 0.15982129 0.62653863 0.762828
1493818389020 -0.5037123 -0.576106 0.64372027 0.854332 -0.4426439 0.2723663 0.12802702 0.68714505 0.71515095
1493818389214 -0.6188165 -0.4383873 0.65183026 0.77948344 -0.44549093 0.44039014 0.09732301 0.7806116 0.6173928
1493818389426 -0.4498808 -0.6754868 0.58423007 0.883467 -0.4323663 0.18040344 0.13074125 0.5973081 0.79128367
1493818389615 -0.29673404 -0.64272636 0.7062944 0.93874955 -0.33202153 0.092256054 0.17520955 0.690409 0.7018811
1493818389822 -0.34430668 -0.46649906 0.81475854 0.92101055 -0.33622938 0.19669557 0.18218747 0.8181249 0.5454166
1493818390020 -0.34378606 -0.72050405 0.6022333 0.8874433 -0.4589542 -0.04248804 0.30701035 0.5198412 0.79718864
1493818390229 -0.4252098 -0.69901085 0.57496136 0.88696545 -0.4483227 0.110901296 0.18024701 0.5571271 0.8106296
1493818390420 -0.6323432 -0.59019613 0.5018074 0.76213175 -0.5900951 0.2663511 0.13891469 0.55086863 0.8229498
1493818390630 -0.25581488 -0.7085263 0.6576848 0.9136168 -0.3995794 -0.07510549 0.3160115 0.5816587 0.7495398
1493818390847 -0.42134434 -0.63803506 0.6445 0.85772145 -0.5112001 0.054666445 0.2945893 0.5758349 0.76264757
1493818391045 -0.31485006 -0.42263517 0.84985226 0.76565427 -0.6422585 -0.035741195 0.5609304 0.63943994 0.5258076
1493818391226 -0.7846469 -0.21860011 0.58012354 0.44727272 -0.8475808 0.28557694 0.42927435 0.48355043 0.7628255
1493818391424 -0.6615994 -0.36032674 0.65760994 0.5989442 -0.7815871 0.17431968 0.4511675 0.50920147 0.7329132
1493818391622 -0.34510875 -0.5052823 0.7909423 0.631232 -0.748607 -0.20281397 0.69458324 0.42927524 0.5773012
1493818391828 -0.61670035 -0.24034734 0.7496092 0.40231058 -0.91472715 0.037690103 0.676629 0.32481915 0.66080683
1493818392028 -0.79117733 0.050141595 0.60952777 0.07886396 -0.9799482 0.18298025 0.60648066 0.19283964 0.77135855
1493818392239 -0.5566684 -0.30677095 0.77201796 0.5147407 -0.85679615 0.030698419 0.65204465 0.41447794 0.63485897
1493818392441 -0.6204806 -0.043387372 0.7830206 0.21049802 -0.97104186 0.112996995 0.75544316 0.23493674 0.6116457
1493818392632 -0.6944257 0.025450872 0.71911424 0.11877663 -0.9816109 0.14943995 0.7096937 0.18918888 0.6786328
1493818392844 -0.51016146 -0.35573515 0.7830632 0.33738548 -0.9202535 -0.19825406 0.79114246 0.16305254 0.5894976
1493818393039 -0.58811253 -0.22617963 0.7765092 0.32233682 -0.9461026 -0.03144692 0.74176997 0.23180315 0.6293208
1493818393233 -0.5853723 -0.2889565 0.75752455 0.28481323 -0.94807386 -0.1415536 0.75909203 0.13289145 0.6372748
1493818393443 -0.70161605 0.16402382 0.6934199 -0.0055660084 -0.9743774 0.22485065 0.7125335 0.15389925 0.68455184
1493818393632 -0.6377588 -0.07710002 0.7663676 0.16935816 -0.98466456 0.041875456 0.7513864 0.15649705 0.641036
1493818393843 -0.68866765 0.12039044 0.71501267 0.03637693 -0.97914094 0.19989972 0.7241641 0.16367441 0.6699232
1493818394044 -0.6094103 -0.19465944 0.7685875 0.24550997 -0.9680767 -0.05051993 0.7538859 0.15790854 0.63774675
1493818394244 -0.66541785 0.04205769 0.7452853 0.07213506 -0.9901159 0.1202787 0.7429776 0.1337968 0.65580696
1493818394438 -0.66146976 -0.089071006 0.7446638 0.20368409 -0.97693765 0.06407462 0.72178286 0.19405958 0.66435707
1493818394631 -0.7052825 -0.039967414 0.7077989 0.15721333 -0.98236763 0.101182856 0.69127464 0.1826379 0.69913
1493818394840 -0.7306389 0.16432646 0.6626942 -0.006050214 -0.9721252 0.23438469 0.6827373 0.16724113 0.7112667
1493818395033 -0.7068568 0.11605813 0.6977708 0.042437896 -0.97771335 0.20561066 0.7060825 0.17494921 0.6861781
1493818395241 -0.6776175 -0.06856881 0.73221093 0.22902349 -0.96580803 0.12150326 0.69884384 0.25002623 0.6701523
1493818395436 -0.628265 -0.21635555 0.7473107 0.3301432 -0.94392115 0.004275143 0.7044775 0.24940552 0.66446096
1493818395644 -0.7484603 0.09296367 0.65663147 0.094106644 -0.96521866 0.24391972 0.6564687 0.24435762 0.7136794
1493818395838 -0.7046036 0.018190805 0.70936793 0.15568353 -0.9713524 0.17954695 0.6923123 0.23694633 0.6815864
1493818396040 -0.7080272 0.08237695 0.70136416 0.06904186 -0.98034036 0.18484116 0.7028021 0.17929603 0.68842006
1493818396242 -0.6475709 -0.09636432 0.7558873 0.20562208 -0.9772717 0.05156952 0.7337379 0.18882206 0.6526675
1493818396446 -0.68831235 0.051258083 0.7236012 0.09296094 -0.9830432 0.1580637 0.7194333 0.17606385 0.67187583
1493818396643 -0.6846983 0.029990407 0.72820944 0.13771713 -0.9758299 0.16967677 0.71569717 0.21646427 0.66401875
1493818396848 -0.7017873 0.13754386 0.69898236 0.06649565 -0.9642527 0.25650552 0.7092763 0.2264916 0.6675542
1493818397044 -0.7118546 0.15506952 0.6849938 0.049814515 -0.9617162 0.26948208 0.7005581 0.22595465 0.67687726
1493818397250 -0.7083629 0.12987392 0.6937974 0.06737385 -0.9659981 0.24961624 0.7026256 0.22356267 0.6755271
1493818397458 -0.70123553 0.17690736 0.690632 0.023194112 -0.96255004 0.27011016 0.7125523 0.20542943 0.670871
1493818397652 -0.6770642 0.15392041 0.7196476 0.057962738 -0.9636917 0.26065025 0.7336378 0.21818967 0.64355946
1493818397853 -0.6869531 0.081457466 0.722122 0.09844026 -0.97410774 0.2035282 0.7200034 0.21090019 0.6611476
1493818398055 -0.6602223 -0.04689543 0.7496047 0.16922258 -0.98167425 0.08763082 0.73175824 0.18470588 0.65605915
1493818398254 -0.66311854 0.05017046 0.74683106 0.13142122 -0.9744482 0.18215147 0.73688686 0.21893749 0.63958126
1493818398458 -0.65973014 -0.004064612 0.75149167 0.15679732 -0.9787216 0.13235782 0.7349631 0.2051523 0.64632934
1493818398651 -0.69082373 0.11840559 0.713262 0.061318226 -0.97335076 0.22097105 0.72041833 0.196388 0.6651534
1493818398844 -0.65820193 -0.06049105 0.7504073 0.18317239 -0.97968066 0.08169232 0.7302178 0.19122393 0.655908
1493818399054 -0.6817512 0.12379381 0.7210342 0.054759033 -0.9741799 0.21903187 0.7295319 0.18880838 0.6573695
1493818399246 -0.65184265 -0.09637396 0.75220543 0.19765401 -0.97920007 0.045825154 0.73214346 0.17854725 0.65733314
1493818399456 -0.6775864 0.123623036 0.72497874 0.054284617 -0.9746751 0.21693714 0.7334371 0.18634883 0.65371567
1493818399649 -0.6803677 0.277672 0.6782316 -0.059632197 -0.9433511 0.32639346 0.7304408 0.18162312 0.6583838
1493818399857 -0.68218035 0.19772398 0.7039426 -0.0010834336 -0.96301585 0.26944277 0.73118323 0.18304586 0.6571647
1493818400050 -0.6703277 0.015919428 0.7418943 0.13039513 -0.98168683 0.13888146 0.7305189 0.18983552 0.6559761
1493818400249 -0.6813822 0.17063946 0.7117587 0.014028691 -0.9692204 0.24579419 0.7317933 0.17746484 0.6580157
1493818400454 -0.685196 0.18346798 0.70487297 0.01161287 -0.9648803 0.26243272 0.72826606 0.18800347 0.6590016
1493818400651 -0.670378 0.12725364 0.73102653 0.052050978 -0.9746932 0.21740262 0.74019194 0.18379258 0.64678913
1493818400858 -0.6775042 0.056977756 0.73330873 0.09592426 -0.98163515 0.16489707 0.729237 0.18206054 0.6595963
1493818401052 -0.66503316 -0.02666205 0.7463377 0.14802086 -0.98424196 0.09673485 0.73199785 0.17480545 0.6585001
1493818401258 -0.68151087 0.17332342 0.71098673 0.016033798 -0.96777844 0.25129282 0.7316324 0.18265857 0.6567723
1493818401454 -0.6655737 0.03170189 0.7456585 0.114981756 -0.9828137 0.14441717 0.7374217 0.18185739 0.65048987
1493818401709 -0.68261176 0.12233602 0.72046876 0.05608706 -0.97421014 0.21856144 0.72862583 0.18960154 0.65814567
1493818401857 -0.69303834 0.15801007 0.70337087 0.022749119 -0.9704039 0.24041316 0.72054166 0.18261662 0.6689326
1493818402056 -0.65091455 -0.107177004 0.7515473 0.21293612 -0.9760185 0.04523532 0.72867596 0.18947591 0.6581264
1493818402259 -0.6707684 0.02645961 0.7411948 0.115810916 -0.98336804 0.13991171 0.7325692 0.17968678 0.65654784
1493818402459 -0.6692531 -0.045900974 0.7416154 0.16502911 -0.9823438 0.08812614 0.72447616 0.1813668 0.6650116
1493818402672 -0.67401236 0.060139045 0.73626804 0.0986941 -0.98041475 0.17043011 0.7320975 0.18753731 0.6548763
1493818402861 -0.68108976 0.12118823 0.72210103 0.04599967 -0.9771774 0.20738414 0.7307535 0.17446366 0.65997106
1493818403063 -0.67686284 0.0965431 0.72975075 0.06259309 -0.9802231 0.1877363 0.7334432 0.17274907 0.65743357
1493818403259 -0.6734058 0.120234944 0.72943 0.038173325 -0.97971404 0.19673169 0.73828685 0.16032502 0.6551553
1493818403462 -0.67267644 0.20548195 0.710833 -0.011536218 -0.9634629 0.2675932 0.73984677 0.17180334 0.6504693
1493818403666 -0.666699 0.07520445 0.74152327 0.07258132 -0.9836168 0.16501471 0.7417846 0.16383588 0.6503179
1493818403882 -0.6742169 0.14446974 0.7242652 0.024836272 -0.97569036 0.21774173 0.7381156 0.1647932 0.6542388
1493818404062 -0.6488119 -0.10357068 0.75386745 0.18776312 -0.9818511 0.026704915 0.73741984 0.158875 0.65648353
1493818404269 -0.6787311 0.12301764 0.7240102 0.032395788 -0.97989523 0.1968652 0.733672 0.15707341 0.6611001
1493818404473 -0.66521454 0.05031481 0.74495506 0.082510084 -0.9866625 0.14031807 0.7420793 0.15480793 0.6521908
1493818404670 -0.6829563 0.10615599 0.72270435 0.046145476 -0.9811372 0.187724 0.7290002 0.16155683 0.66517526
1493818404875 -0.6737781 0.0812491 0.73445326 0.0659917 -0.9833487 0.16932318 0.73598105 0.16255409 0.6571972
1493818405082 -0.6579763 -0.07305481 0.74948657 0.17053166 -0.9838819 0.053808156 0.7334753 0.16321568 0.6598292
1493818405279 -0.6792111 0.13344279 0.7217099 0.09150942 -0.9602622 0.2636714 0.7282159 0.24513182 0.64000946
1493818405484 -0.6891648 0.6818899 0.2451081 -0.40570801 -0.64339083 0.6491912 0.6003773 0.34795737 0.7200505
1493818405682 -0.39925155 0.8935571 -0.20531408 -0.6955771 -0.14931665 0.70276374 0.59730273 0.42339134 0.6811528
1493818405873 -0.4904068 0.8712356 -0.021205207 -0.5640682 -0.2987705 0.7697814 0.66432554 0.38946718 0.63795537
1493818406084 -0.57608986 0.815222 -0.059443075 -0.555953 -0.33748454 0.75961864 0.59919673 0.4706562 0.6476466
1493818406281 -0.27841422 0.9543342 -0.108313456 -0.5993529 -0.08450877 0.79601145 0.7505075 0.28653887 0.5955114
1493818406485 -0.045478743 0.9607687 -0.27359682 -0.63095415 0.18470967 0.75351125 0.77448595 0.20689577 0.5978006
1493818406678 -0.043732077 0.910702 -0.41074252 -0.7204343 0.2560897 0.64450955 0.692143 0.32409874 0.6449016
1493818406874 0.018464299 0.7060146 -0.7079566 -0.36504996 0.66395456 0.6526124 0.9308048 0.2463895 0.26999003
1493818407087 0.18008225 0.51619595 -0.83732444 -0.57535535 0.74571145 0.33597723 0.7978324 0.42125553 0.43128544
1493818407279 0.40626314 0.12852934 -0.90467143 -0.29124308 0.9566353 0.005122721 0.8660991 0.26139814 0.42607895
1493818407486 0.42829537 0.86454844 -0.26290518 -0.71265316 0.5020459 0.48997504 0.5555976 -0.02249383 0.8311471
1493818407677 0.47879687 0.27754045 -0.83290154 -0.4585412 0.88808465 0.032334328 0.7486611 0.36643806 0.5524758
1493818407888 0.38297087 0.6679528 -0.6381007 -0.44030887 0.7392396 0.5095617 0.8120724 0.085814096 0.5772127
1493818408080 0.5074317 0.6460716 -0.5701794 -0.6342159 0.7279695 0.2604429 0.58333796 0.22945987 0.7791437
1493818408285 0.4683828 0.26374328 -0.843242 -0.1900335 0.9621409 0.19537662 0.86284685 0.06873318 0.5007703
1493818408486 0.084268354 0.1402988 -0.98651665 -0.0081014065 0.9901018 0.14011665 0.99641013 -0.003815227 0.08457087
1493818408677 -0.0023173643 -0.23556897 -0.9718548 -0.05710119 0.9703029 -0.23505665 0.9983657 0.05494936 -0.015699819
1493818408883 0.4078618 -0.3200992 -0.85509366 0.31078663 0.9292787 -0.19963118 0.8585222 -0.18432976 0.47849986
1493818409086 -0.630136 -0.61492187 -0.47413057 0.058160126 0.57151854 -0.8185257 0.7743037 -0.5433579 -0.32437044
1493818409285 -0.22988877 -0.7504088 -0.6197078 0.35245195 0.5293441 -0.7717334 0.90715426 -0.39583007 0.14279279
1493818409483 -0.44161573 -0.7313298 -0.5197426 0.3855906 0.36836055 -0.8459494 0.8101206 -0.5739924 0.11932009
1493818409699 -0.20593971 -0.776614 -0.595365 0.4197319 0.47949433 -0.7706558 0.8839763 -0.4086023 0.22722276
1493818409882 -0.094261944 -0.97619975 -0.19531685 -0.20428847 0.21098223 -0.95590407 0.9743618 -0.0502044 -0.21931396
1493818410088 -0.061111946 -0.99235326 -0.10723936 -0.1626604 0.11590535 -0.9798507 0.9847877 -0.042436987 -0.1684998
1493818410298 0.16107297 -0.9240933 -0.34656462 -0.0264522 0.34698144 -0.9374989 0.986588 0.16017315 0.031445034
1493818410489 0.11925771 -0.97306246 -0.19729947 0.05594535 0.2049878 -0.9771644 0.9912859 0.1054964 0.07888469
1493818410687 0.112547845 -0.99350363 -0.016837196 -0.019485718 0.014734818 -0.99970144 0.9934552 0.112842344 -0.01770076
1493818410891 -0.042716645 -0.93385804 0.3550835 0.0996871 -0.3576182 -0.9285319 0.99410146 -0.00426653 0.108369865
1493818411086 0.16742393 -0.9347043 0.31352344 3.1057E-4 -0.31796217 -0.9481033 0.98588496 0.15883256 -0.05294419
1493818411300 0.10544971 -0.8621874 0.49549288 0.15373802 -0.47814566 -0.86472034 0.98246884 0.16736062 0.08213068
1493818411490 0.21342556 -0.93125904 0.2953068 0.13500613 -0.27125758 -0.9529913 0.96758604 0.24326095 0.06783238
1493818411704 0.095639326 -0.8437844 0.5280918 0.12265264 -0.51649153 -0.84746236 0.9878306 0.1458226 0.054095484
1493818411893 -0.12245323 -0.81159735 0.5712399 0.08371734 -0.5819668 -0.80889183 0.9889371 -0.05122872 0.13920848
1493818412098 -0.041648448 -0.9037141 0.42610586 0.013413298 -0.42694324 -0.90417904 0.9990424 -0.03194217 0.02990331
1493818412292 0.054309554 -0.9584784 0.2799458 -0.014860126 -0.28110433 -0.9595621 0.99841356 0.04795336 -0.02950976
1493818412488 0.08074101 -0.99300575 0.08614338 -0.008551162 -0.08711247 -0.99616194 0.9966985 0.07969448 -0.015524899
1493818412696 0.07619035 -0.9063816 0.41553265 0.06874229 -0.41097754 -0.9090501 0.9947209 0.09782551 0.030994223
1493818412890 -0.09746737 -0.6393369 0.7627244 -0.022673573 -0.764748 -0.64393055 0.99498045 -0.08005591 0.060041927
1493818413098 0.04332579 -0.79355836 0.60694975 -0.05114819 -0.6084854 -0.791915 0.9977508 0.0032659601 -0.066952184
1493818413301 0.23262455 -0.8980174 0.37343073 -0.0092454925 -0.3859887 -0.92245716 0.9725227 0.21113366 -0.09809307
1493818413502 0.07223205 -0.7233364 0.6867073 0.116892666 -0.6776215 -0.7260614 0.99051434 0.13271597 0.035606723
1493818413695 0.09730955 -0.8289987 0.5507195 0.07913933 -0.54514825 -0.83459586 0.9921027 0.124797724 0.012558262
1493818413911 0.084221974 -0.6970249 0.7120836 -0.05433713 -0.71677196 -0.6951874 0.9949644 0.019857483 -0.09824228
1493818414124 -0.033354778 -0.67741275 0.7348465 -0.047644503 -0.73334193 -0.6781884 0.9983073 -0.057632223 -0.007814539
1493818414301 0.05695933 -0.769883 0.6356381 -0.049799852 -0.63807017 -0.76836604 0.9971337 0.0121109355 -0.074684106
1493818414496 0.06579122 -0.9194105 0.38775727 -0.026691176 -0.3900817 -0.9203933 0.9974764 0.050204106 -0.050204106
1493818414701 -0.020338474 -0.94436705 0.32826373 -0.049114417 -0.32699147 -0.94375 0.998586 -0.03531692 -0.039731536
1493818414899 0.03630045 -0.9087232 0.41581804 0.17537832 -0.40384185 -0.897861 0.98383164 0.10551821 0.14471067
1493818415101 -0.082122386 -0.9006939 0.42662206 -0.03606893 -0.42510155 -0.90442675 0.9959694 -0.08966149 0.0024232834
1493818415300 -0.02818591 -0.962651 0.26927426 -0.15771857 -0.26172423 -0.95216876 0.98708177 -0.0693073 -0.14445099
1493818415499 0.10038933 -0.9869781 0.1256824 -0.19289556 -0.14323083 -0.970709 0.9760703 0.07320527 -0.20476258
1493818415701 -0.016530557 -0.9730768 0.22988747 -0.20092142 -0.22199611 -0.95412165 0.9794678 -0.061961476 -0.19184226
1493818415925 0.013273003 -0.9992353 0.03677993 -0.11878886 -0.038098436 -0.99218833 0.99283075 0.008800273 -0.119203694
1493818416104 -0.098600976 -0.9438817 0.31522262 0.042664938 -0.32048464 -0.9462924 0.99421203 -0.07985639 0.071870744
1493818416304 -0.17672753 -0.92100275 0.34716192 -0.115550905 -0.33086044 -0.93657845 0.9774534 -0.20563407 -0.047950547
1493818416522 0.09375169 -0.9948069 -0.03962273 -0.042713225 0.03574241 -0.99844795 0.99467903 0.09529859 -0.039140493
1493818416713 0.005403608 -0.99668425 -0.0811868 -0.041355062 0.0808958 -0.9958642 0.9991299 0.008738745 -0.040780813
1493818416923 0.08331273 -0.9880894 -0.1293764 -0.021897277 0.12798122 -0.9915348 0.9962829 0.085440464 -0.010974005
1493818417115 0.050019003 -0.95716274 0.2851976 0.050598763 -0.2827598 -0.9578553 0.9974657 0.062341608 0.034287885
1493818417309 -0.11076506 -0.9274492 0.35716796 0.04087484 -0.36332646 -0.93076473 0.99300563 -0.088497035 0.07815322
1493818417518 0.010057762 -0.9987387 0.049192905 -0.08737591 -0.049885012 -0.9949257 0.9961247 0.0057084505 -0.08776742
1493818417713 0.029631546 -0.9886832 0.14706257 -0.11601859 -0.14953466 -0.9819262 0.99280494 0.012033998 -0.11913659
1493818417923 -0.026349774 -0.9930747 0.114491135 0.008139877 -0.11474025 -0.99336207 0.9996196 -0.025242921 0.011106885
1493818418113 -7.683334E-4 -0.91201174 0.41016355 -3.4554626E-4 -0.4101634 -0.9120121 0.99999964 -8.424597E-4 0.0
1493818418327 -0.08730595 -0.8677156 0.48933363 0.04360596 -0.49406725 -0.8683295 0.9952267 -0.05447247 0.08097258
1493818418515 -0.048306312 -0.9535266 0.29741117 -0.02388417 -0.29657093 -0.9547121 0.99854696 -0.053222045 -0.008447943
1493818418727 0.1825209 -0.9801722 0.07712638 -0.09724718 -0.0960567 -0.990614 0.97838086 0.17330742 -0.11285135
1493818418920 0.0012693938 -0.9256677 0.3783353 -0.0065789237 -0.37833515 -0.92564523 0.9999775 -0.0013140308 -0.0065701543
1493818419120 0.012950837 -0.93929434 0.34286773 -0.050289176 -0.34307438 -0.9379609 0.99865067 -0.005095157 -0.051679447
1493818419332 -0.01667393 -0.8766441 0.48085055 -0.004702055 -0.48084334 -0.876794 0.99985 -0.016880585 0.0038955193
1493818419518 -0.092586085 -0.9199246 0.38100734 -0.10160203 -0.37192515 -0.9226857 0.99050736 -0.12413896 -0.059031114
1493818419721 0.05340763 -0.967488 0.24721386 -0.0224942 -0.24866997 -0.968327 0.9983193 0.046155173 -0.035043743
1493818419919 -0.10777859 -0.8601363 0.4985473 -0.027936712 -0.49865013 -0.8663532 0.99378246 -0.10730209 0.029714424
1493818420124 0.008598401 -0.9453001 0.32608858 -0.078223385 -0.32573724 -0.94221896 0.9968989 -0.017406171 -0.07674539
1493818420333 0.06261026 -0.9670619 0.24672112 0.10471097 -0.23947681 -0.9652391 0.9925299 0.086268276 0.086268276
1493818420515 -0.351705 -0.87880665 0.32249412 0.08696302 -0.37368712 -0.92346925 0.9320628 -0.2967437 0.2078513
1493818420722 0.10586973 -0.9425589 -0.3168193 0.3842787 0.33263838 -0.86120945 0.9171268 -0.03057089 0.3974216
1493818420916 -0.14510837 -0.98556775 -0.08717681 0.47653574 0.0075994283 -0.87912226 0.867097 -0.16911085 0.4685555
1493818421125 -0.38592896 -0.91341966 -0.12931849 0.66817755 -0.18011189 -0.7218714 0.6360798 -0.3649988 0.6798369
1493818421319 -0.14632362 -0.9728949 -0.17906687 0.6564429 0.039923437 -0.7533186 0.74004877 -0.22777547 0.63280815
1493818421526 -0.4764722 -0.8281359 -0.29523727 0.7795367 -0.2426457 -0.57744735 0.4065669 -0.505286 0.7611764
1493818421732 -0.034575943 -0.92323864 -0.38266814 0.98142064 0.040940218 -0.18744999 0.18872759 -0.38203967 0.90466994
1493818421932 0.15910088 -0.9455139 -0.28406027 0.91063046 0.25168964 -0.32772604 0.3813646 -0.20653248 0.90105796
1493818422133 -0.5112106 -0.8055757 -0.29951856 0.77702713 -0.28428116 -0.56161636 0.36727706 -0.51983833 0.77128184
1493818422347 -0.09444232 -0.98570603 -0.13951415 0.6004437 0.0553813 -0.79774696 0.7940705 -0.1591115 0.5866307
1493818422536 -0.351375 -0.9316372 0.092669375 0.26355413 -0.19340599 -0.9450573 0.8983734 -0.3076461 0.3134949
1493818422734 -0.33997032 -0.93006444 0.13928498 0.08512624 -0.17793277 -0.9803537 0.9365755 -0.32143435 0.13966475
1493818422925 -0.033158682 -0.999341 0.014768744 0.046994153 -0.016319476 -0.99876183 0.9983446 -0.03242358 0.047504313
1493818423135 -0.08595465 -0.98966455 0.11478629 -0.01566529 -0.11385594 -0.9933738 0.99617594 -0.08718326 -0.005716935
1493818423330 -0.005461119 -0.97920614 -0.20279454 0.012867736 0.20271195 -0.97915393 0.9999023 -0.007956782 0.011493131
1493818423536 0.022220312 -0.9969229 -0.07517345 0.037126027 0.07596297 -0.99641925 0.9990635 0.019349853 0.038699705
1493818423727 -0.15102811 -0.97908646 0.1363094 -0.10947903 -0.12047634 -0.98666096 0.9824484 -0.16393656 -0.08899412
1493818423934 -0.08350447 -0.97535324 0.2042377 0.007287139 -0.20554574 -0.9786204 0.9964808 -0.08023087 0.024271522
1493818424130 -0.07042163 -0.9286777 0.36414093 -0.058520906 -0.36057222 -0.9308937 0.99579924 -0.08686491 -0.028954972
1493818424342 -0.12348694 -0.96869785 0.21534947 -0.026222073 -0.21374935 -0.97653645 0.9919997 -0.12623642 9.939877E-4
1493818424532 0.021174463 -0.99563396 0.09090988 0.01737204 -0.09055015 -0.9957403 0.99962485 0.02266356 0.015378843
1493818424730 0.11828618 -0.96143323 -0.24830312 -0.57825553 0.13658844 -0.8043407 0.8072353 0.23872507 -0.5397976
1493818424936 -0.104348935 -0.9741906 -0.20015992 -0.111897364 0.21148095 -0.9709555 0.98822576 -0.07892081 -0.13107717
1493818425139 0.015671922 -0.9918468 -0.12646843 -0.08365035 0.12473996 -0.9886569 0.9963719 0.026073284 -0.08101342
1493818425335 -0.36893862 -0.863239 0.34453258 0.07065142 -0.39565697 -0.91567683 0.92676467 -0.31348687 0.20696223
1493818425532 0.053273074 -0.96714884 -0.24856605 0.06749406 0.25183767 -0.96541303 0.9962964 0.03465379 0.07869297
1493818425745 -0.16580693 -0.90408856 0.39386788 -0.14026123 -0.37371573 -0.916877 0.97613263 -0.20726895 -0.06484392
1493818425936 -0.1564246 -0.9619736 0.2239158 -0.06619372 -0.21598646 -0.97415006 0.9854693 -0.16720285 -0.02989101
1493818426137 0.013815352 -0.9998993 0.0032128987 -0.097002186 -0.00453829 -0.9952738 0.99518836 0.013438403 -0.09705513
1493818426335 -0.2514245 -0.95409936 0.16272667 0.2674873 -0.2300752 -0.9356901 0.93018085 -0.1917281 0.31305605
1493818426538 0.08921438 -0.8769556 -0.47221774 0.27550778 0.4773374 -0.8344127 0.9571501 -0.05565807 0.28419346
1493818426738 0.4256597 -0.70602417 -0.5659892 0.5128048 0.7035599 -0.49197042 0.7455502 -0.08082998 0.6615296
1493818426935 -0.011456452 -0.89349 -0.44893688 0.4667266 0.39228117 -0.79264224 0.8843274 -0.21861166 0.41252142
1493818427143 -0.03720481 -0.9231696 -0.38258812 0.39933467 0.3372209 -0.85253376 0.91604996 -0.18449907 0.35610738
1493818427337 -0.14915253 -0.9605884 -0.23457052 0.10605175 0.22031555 -0.96964633 0.98311067 -0.16950184 0.069011465
1493818427541 -0.17697598 -0.9814939 -0.07313873 -0.09777445 0.09147676 -0.9909955 0.9793466 -0.16823132 -0.112154216
1493818427745 -0.085415535 -0.9933916 0.07666358 0.06863019 -0.08262817 -0.9942145 0.9939789 -0.07965993 0.07523438
1493818427941 -0.11197138 -0.98731995 -0.112524614 -0.023927663 0.1158827 -0.99297464 0.9934233 -0.10849228 -0.036599804
1493818428143 -0.010472149 -0.9757464 -0.21865356 0.11700863 0.2159676 -0.9693643 0.99307567 -0.035735674 0.1119091
1493818428343 0.077885225 -0.9569932 -0.27946007 0.06647405 0.28467268 -0.95631725 0.9947437 0.055906136 0.085787006
1493818428548 -0.13665867 -0.98892397 0.057911623 0.1739966 -0.08151353 -0.9813667 0.9752177 -0.12403586 0.18320894
1493818428747 0.14322555 -0.98873633 -0.043439172 -0.0410114 0.037924644 -0.9984388 0.98884004 0.14478344 -0.035117682
1493818428953 -0.058420762 -0.955644 0.28867185 0.14349769 -0.29420158 -0.9449094 0.9879248 -0.013778589 0.15432021
1493818429163 -0.13710539 -0.88620424 0.4425429 0.020959456 -0.44925734 -0.8931566 0.99033475 -0.113181114 0.08016995
1493818429355 0.12815294 -0.97804815 0.16431221 0.0709521 -0.1562122 -0.9851718 0.98921317 0.13791096 0.04937553
1493818429565 -0.14044169 -0.88308036 0.44771102 -0.008226436 -0.4511363 -0.8924171 0.9900547 -0.12901564 0.056093752
1493818429762 0.046288993 -0.9987382 -0.019471651 -0.069104105 0.016244264 -0.9974771 0.996535 0.047517788 -0.06826499
1493818429952 0.006077395 -0.994964 0.10004785 0.071035326 -0.09936739 -0.992512 0.9974553 0.013138819 0.0700737
1493818430163 -0.130269 -0.98949456 0.06269471 -0.14636868 -0.043348014 -0.98828 0.9806152 -0.13791879 -0.13918409
1493818430355 -0.020395732 -0.9893839 0.1438874 -0.0311545 -0.14321852 -0.9892007 0.9993065 -0.02465821 -0.027902713
1493818430565 -0.003282017 -0.90217376 0.4313602 -0.037298612 -0.4309519 -0.90160364 0.99929875 -0.019048218 -0.032235444
1493818430762 0.05163519 -0.9912431 0.121535316 -0.041770104 -0.1237348 -0.99143577 0.9977921 0.04611644 -0.047793403
1493818430951 0.099270776 -0.93903804 0.32917023 0.13122931 -0.31556004 -0.9397877 0.9863692 0.13649021 0.0919034
1493818431163 -0.11606864 -0.9152718 0.38575324 -0.10071704 -0.37553063 -0.9213213 0.98812157 -0.14578843 -0.048596144
1493818431351 0.010294386 -0.9667301 0.25559157 -0.049953967 -0.25578314 -0.96544266 0.99869835 -0.0028291738 -0.05092513
1493818431566 0.09669577 -0.96026975 0.26178634 -0.05665572 -0.26790276 -0.96177876 0.9937002 0.078168236 -0.08030982
1493818431759 -0.055100575 -0.8482924 0.52665347 -0.036682904 -0.52537894 -0.8500774 0.99780685 -0.066158935 -0.0021691453
1493818431966 -0.054937437 -0.70994705 0.702109 -0.036832348 -0.7012514 -0.71196187 0.9978102 -0.06497369 0.012375941
1493818432155 -0.07571484 -0.7901813 0.6081783 0.035830468 -0.6116913 -0.7902848 0.9964856 -0.03804497 0.07462667
1493818432365 -0.13234052 -0.7206409 0.6805606 -0.019072954 -0.68462116 -0.7286495 0.9910208 -0.10941015 0.07685837
1493818432557 0.074255206 -0.8428867 0.53294295 -0.052487478 -0.536981 -0.84195995 0.99585706 0.03454708 -0.084114626
1493818432755 -0.086291574 -0.72899985 0.67905307 -0.054491982 -0.6771215 -0.73385084 0.9947785 -0.10032809 0.018705236
1493818432961 0.1976346 -0.98023945 0.008434767 -0.062129203 -0.021112666 -0.9978448 0.9783049 0.19668461 -0.06507409
1493818433169 -0.009899698 -0.65608484 0.75462216 -6.914558E-4 -0.75465447 -0.65612197 0.99995077 -0.0070171985 0.0070171985
1493818433367 0.01891935 -0.91398275 0.4053116 -0.106530994 -0.40491927 -0.9081253 0.9941294 -0.025997108 -0.10502831
1493818433569 0.06195367 -0.80138755 0.59492826 -0.07259708 -0.59811264 -0.79811704 0.99543524 0.006256227 -0.09523368
1493818433764 0.029576937 -0.69344425 0.719903 -0.0039833477 -0.7202942 -0.69365746 0.99955463 0.017648637 -0.024066323
1493818433973 0.07849722 -0.8715352 0.484009 -0.053032577 -0.4884703 -0.87096757 0.99550277 0.042700283 -0.08456331
1493818434165 0.08851797 -0.79424316 0.6011175 0.17364424 -0.5819411 -0.794476 0.98082227 0.17470601 0.08640351
1493818434374 -0.014189438 -0.93161964 0.36315796 -0.1309206 -0.3583368 -0.9243672 0.9912913 -0.060661104 -0.11688359
1493818434568 0.026421923 -0.9492151 0.3135163 -0.012173947 -0.31390804 -0.94937533 0.99957675 0.021267591 -0.019849751
1493818434776 0.15360059 -0.8871499 0.4351691 -0.027147856 -0.44401777 -0.89560676 0.98776007 0.1257518 -0.092285596
1493818434971 -0.06521715 -0.67962474 0.73065513 0.00886943 -0.7325798 -0.68062335 0.9978317 -0.03790782 0.05380465
1493818435179 0.061500933 -0.8723938 0.48491928 -0.041942634 -0.48766866 -0.87202054 0.9972253 0.033291284 -0.06658257
1493818435370 -0.08680862 -0.7282807 0.67975837 -0.114955865 -0.6704534 -0.73299205 0.9895703 -0.14177224 -0.025519004
1493818435569 -0.041902076 -0.8870482 0.4597715 0.01261594 -0.46060872 -0.88751364 0.99904203 -0.031388216 0.030491408
1493818435775 0.26067582 -0.9505271 0.168957 -0.05790029 -0.19008507 -0.98005885 0.9636886 0.24569495 -0.10458637
1493818435974 -0.08859234 -0.62127566 0.77856797 -0.006449025 -0.78126717 -0.6241634 0.996047 -0.06031709 0.06520766
1493818436176 0.038337186 -0.8672382 0.49641544 0.10045515 -0.4909192 -0.86539423 0.9942027 0.083044246 0.06829808
1493818436374 -0.12117995 -0.53114384 0.83857125 0.045074433 -0.8468699 -0.5298865 0.9916066 -0.026413495 0.12656465
1493818436586 0.0054047564 -0.78399396 0.62074494 -0.14322548 -0.6149608 -0.7754416 0.98967534 -0.08471542 -0.11561162
1493818436778 0.11558454 -0.70850897 0.69617176 -0.063141175 -0.70469254 -0.7066975 0.9912887 0.03772621 -0.12618767
1493818436970 0.06463079 -0.67486846 0.7351023 -0.034521643 -0.7377136 -0.67423064 0.99731195 0.018199123 -0.070976585
1493818437174 0.05949682 -0.7761796 0.6276984 0.021102443 -0.6276939 -0.77817416 0.9980054 0.05954486 -0.0209665
1493818437370 -0.043279074 -0.47498196 0.8789307 0.19421098 -0.86697245 -0.45895654 0.98000467 0.15083477 0.12976846
1493818437586 -0.12278358 -0.77658397 0.61793333 -0.16808575 -0.5973767 -0.7841482 0.9780958 -0.2001463 -0.057184655
1493818437773 -0.029910775 -0.8884405 0.45801616 -0.0024330635 -0.4581551 -0.8888689 0.9995496 -0.027701143 0.011542143
1493818437985 -0.05980828 -0.9711731 0.23075093 0.16561928 -0.23761517 -0.95713615 0.9843746 -0.019027859 0.17505631
1493818438178 -0.3881405 -0.88383466 0.2611192 0.2152048 -0.36242077 -0.9068286 0.89612156 -0.2957828 0.33087566
1493818438381 -0.30858287 -0.95083165 -0.026377931 0.34338322 -0.08549464 -0.935296 0.88705385 -0.2976741 0.35288182
1493818438576 -0.49321526 -0.86609447 0.081357494 0.45542285 -0.33676475 -0.8241234 0.74116707 -0.3694182 0.56053674
1493818438780 -0.51383287 -0.8575357 0.024662301 0.5182679 -0.3331968 -0.7876409 0.68364763 -0.3919341 0.61564076
1493818438976 -0.103539206 -0.9836612 -0.14727575 0.61307436 0.053481225 -0.78821284 0.783211 -0.17190194 0.5975201
1493818439205 -0.61259735 -0.78931427 0.04132164 0.41114825 -0.36287534 -0.83622885 0.675042 -0.49528217 0.54682165
1493818439378 -0.41184208 -0.88589954 -0.21346676 0.77838266 -0.22019684 -0.5879063 0.47382128 -0.40828335 0.7802552
1493818439582 -0.032824147 -0.9393532 -0.34137666 0.92549676 0.100383714 -0.3652107 0.37733054 -0.32793075 0.8660734
1493818439796 -0.29547518 -0.87007105 -0.39455134 0.6377554 0.12785389 -0.7595535 0.71131045 -0.47605643 0.5171149
1493818439985 -0.16969626 -0.9851911 -0.02453235 0.2606508 -0.020861587 -0.9652078 0.9504022 -0.17018649 0.26033095
1493818440180 0.08911032 -0.98180753 0.16767046 0.010074027 -0.16744313 -0.9858303 0.9959708 0.08953677 -0.005030155
1493818440386 -0.09060853 -0.8631089 0.49682316 0.007395588 -0.49944463 -0.8663143 0.99585915 -0.07482116 0.05163714
1493818440581 -0.09474574 -0.916836 0.38785955 0.03399337 -0.39236462 -0.91918147 0.99492097 -0.07390387 0.06834122
1493818440784 -0.14760238 -0.8734598 0.46398434 -0.11280608 -0.45119402 -0.88526756 0.9825926 -0.18300788 -0.03193426
1493818441004 -0.1182049 -0.9182607 0.37792176 0.051340487 -0.38573253 -0.921181 0.9916611 -0.089485414 0.09273943
1493818441210 0.013614443 -0.9692708 0.24561876 0.14565842 -0.24109879 -0.9595077 0.9892413 0.0488396 0.13790004
1493818441405 -0.15389584 -0.89050114 0.4281633 0.013608575 -0.43519455 -0.90023345 0.98799324 -0.13271551 0.079093084
1493818441607 0.015956162 -0.9648574 -0.26228923 0.09980174 0.2625495 -0.95974344 0.9948794 -0.010863106 0.10048373
1493818441794 -0.010165976 -0.99915236 0.039890457 0.04460709 -0.040305942 -0.9981911 0.9989528 -0.008368191 0.04497903
1493818442002 -0.034083366 -0.9878041 0.15192601 -0.034779977 -0.15074994 -0.9879601 0.9988137 -0.03895698 -0.029217735
1493818442195 -0.08938855 -0.8621745 0.498663 0.02033041 -0.5021424 -0.86454594 0.99578935 -0.06714249 0.062414147
1493818442401 -0.03044768 -0.66537255 0.7458902 0.15027063 -0.74080193 -0.6546994 0.988176 0.09215132 0.122541666
1493818442593 -0.12398894 -0.4241495 0.89706403 0.01022191 -0.904538 -0.42627048 0.99223095 -0.043683123 0.11648833
1493818442803 -0.1449943 -0.030421639 0.98896474 -0.059848834 -0.99742734 -0.039456528 0.9876207 -0.064909354 0.14280057
1493818442995 -0.1433109 0.050496645 0.98838866 -0.14394422 -0.98914117 0.029663969 0.97915375 -0.13802166 0.1490234
1493818443196 -0.19382662 0.29352373 0.9360956 -0.15608639 -0.95126325 0.2659607 0.96853924 -0.094561525 0.23019522
1493818443400 -0.31463283 0.48807168 0.8141206 -0.2052018 -0.8723715 0.4436893 0.92676765 -0.027459782 0.37462988
1493818443594 -0.2959428 0.27601415 0.91445833 -0.02568762 -0.9592952 0.28123423 0.95486015 0.059738982 0.29098666
1493818443802 -0.12186188 -0.47872925 0.8694643 0.14087294 -0.8754672 -0.46229008 0.98249906 0.066148445 0.17412606
1493818444000 -0.0323753 -0.8613084 0.5070499 0.13566478 -0.5064077 -0.8515552 0.99022573 0.041219465 0.13324432
1493818444207 -0.027177209 -0.99962914 -0.0016869669 0.1792398 -0.0032127905 -0.9838001 0.98342997 -0.027039317 0.17926066
1493818444399 -0.03868237 -0.9314168 -0.36189276 0.17569456 0.3501821 -0.9200564 0.9836844 -0.09917255 0.150099
1493818444604 -0.05453673 -0.80674636 -0.5883757 0.1383847 0.57745945 -0.8046056 0.9888758 -0.12530276 0.080148615
1493818444805 -0.04447775 -0.50412047 -0.86248726 0.22035071 0.83712816 -0.5006615 0.9744061 -0.21231797 0.07384972
1493818444998 0.15886457 -0.23867533 -0.95801675 0.045825653 0.9710764 -0.23432983 0.9862363 -0.0066750343 0.16520709
1493818445209 0.21374509 -0.046743836 -0.9757705 0.20870008 0.977979 -0.0011333339 0.95433605 -0.20340113 0.21879365
1493818445396 0.17473921 0.124206394 -0.9767491 0.23284772 0.95866 0.1635623 0.95668596 -0.2560146 0.13859434
1493818445608 0.15918423 0.20373139 -0.9659989 -0.025708087 0.9789992 0.20223682 0.98691416 -0.007358929 0.16107878
1493818445810 0.026731677 -0.03638414 -0.9989802 0.16236436 0.9862254 -0.03157489 0.98636866 -0.16135475 0.032270953
1493818446010 0.117307924 0.13511659 -0.98386097 0.10303341 0.98369896 0.14737925 0.98773634 -0.118659295 0.10147415
1493818446215 0.21627268 0.42117083 -0.8808185 -0.009983651 0.903077 0.42936257 0.97628194 -0.08406561 0.19951572
1493818446423 0.040514663 0.21328402 -0.9761498 0.12142539 0.9686601 0.21668726 0.99177337 -0.12730838 0.013346847
1493818446615 0.073279984 0.27807274 -0.9577607 0.019393507 0.95976377 0.28013813 0.9971228 -0.03910286 0.06493867
1493818446810 -0.018243495 -0.03208159 -0.9993188 0.12156119 0.9919993 -0.03406582 0.9924163 -0.122099854 -0.014197657
1493818447017 0.007671702 0.07186734 -0.99738467 0.09366281 0.9929775 0.072270215 0.9955745 -0.093972296 8.865311E-4
1493818447212 0.21009165 0.54921496 -0.80884147 -0.12879053 0.8356428 0.53396094 0.9691618 -0.008009601 0.24629524
1493818447405 -0.016844707 -0.009336331 -0.9998145 0.05502233 0.9984325 -0.010250432 0.99834305 -0.055184793 -0.0163046
1493818447614 0.068766676 0.13187163 -0.9888787 -0.072868355 0.9892415 0.12685274 0.994968 0.06333472 0.07763611
1493818447805 -0.13721943 -0.28771332 -0.9478354 0.08895298 0.94944143 -0.30107868 0.9865385 -0.12562662 -0.10468886
1493818448015 0.026517436 0.053091377 -0.9982376 0.07801956 0.99543285 0.055014733 0.9965991 -0.0793409 0.022254154
1493818448211 0.050897833 0.24311781 -0.9686606 -0.11749132 0.96464014 0.23593521 0.9917687 0.1018006 0.07766231
1493818448417 -0.08870579 -0.09432815 -0.99158126 0.18655212 0.97631645 -0.109564774 0.97843224 -0.19470063 -0.06900782
1493818448609 -0.028146856 0.17787896 -0.98364973 0.002766098 0.9840497 0.17787212 0.99959993 0.0022856707 -0.028189939
1493818448818 -0.061491415 0.046533674 -0.9970222 -0.060376007 0.9969098 0.050252125 0.9962798 0.063286304 -0.058491886
1493818449011 -0.038657986 0.09580862 -0.99464875 0.06268943 0.99366456 0.093277335 0.9972841 -0.05874806 -0.044419263
1493818449211 0.010140997 0.14928502 -0.9887421 0.057896476 0.9870466 0.14962283 0.9982711 -0.05876202 0.0013665587
1493818449415 0.19076055 0.36573434 -0.91096044 0.15270485 0.9056483 0.3955789 0.9696864 -0.2145689 0.116912544
1493818449614 0.02422978 0.22091687 -0.9749916 0.09841197 0.9700138 0.22223465 0.99485075 -0.10133555 0.0017623574
1493818449817 -0.06270478 0.100578815 -0.99295115 -0.09042849 0.99024415 0.10601517 0.993927 0.09643873 -0.052997854
1493818450018 0.32404938 0.27870575 -0.9040548 0.14866962 0.9287438 0.3396061 0.93428546 -0.24445462 0.25952375
1493818450219 0.36645776 -0.021888748 -0.93017715 0.008023223 0.9997604 -0.020365292 0.9304001 0.0 0.36654556
1493818450413 0.32167464 -0.22632167 -0.91940415 0.2733881 0.95185745 -0.13865933 0.9065232 -0.20675091 0.36806208
1493818450615 0.43348756 -0.035146274 -0.9004739 0.26582795 0.95976216 0.09050905 0.8610598 -0.27860567 0.42538783
1493818450818 0.24031383 -0.15712236 -0.95789456 0.027873058 0.98752296 -0.15498956 0.970295 0.010546685 0.24169487
1493818451014 0.20619155 0.033289477 -0.97794527 0.17640415 0.9817818 0.070613414 0.9624795 -0.18707347 0.19656269
1493818451224 0.18817207 0.0133448215 -0.98204535 0.12074021 0.9920085 0.036615532 0.9746861 -0.1254624 0.18505706
1493818451422 0.17814739 0.04072471 -0.9831607 0.07982969 0.9952516 0.05569057 0.9807603 -0.088406555 0.17405042
1493818451622 0.26768664 0.255789 -0.92893267 0.17537531 0.9350767 0.30801797 0.9474108 -0.24536416 0.20544845
1493818451818 0.15653723 -0.13761617 -0.97803783 0.005158743 0.99034595 -0.13852234 0.9876586 0.016638454 0.15573592
1493818452020 0.1849899 -0.22898817 -0.95568985 0.24608034 0.9522866 -0.18053974 0.95143217 -0.20177846 0.23251292
1493818452243 0.15493177 -0.21705927 -0.96378493 0.1269824 0.97184783 -0.19846228 0.97973037 -0.09163562 0.1781328
1493818452436 0.34937686 0.03680852 -0.936259 -0.056212373 0.9982517 0.018269373 0.9352946 0.046246447 0.3508351
1493818452620 0.12309504 -0.18994842 -0.9740469 0.20438692 0.965322 -0.16241762 0.97111976 -0.17908962 0.15764932
1493818452842 0.34544045 0.06281097 -0.93633634 -0.07208812 0.99658555 0.04025728 0.9356678 0.05359224 0.34878883
1493818453029 0.32245243 -0.12846008 -0.9378286 0.09470537 0.9901559 -0.10306522 0.9418362 -0.05558377 0.331444
1493818453243 0.3254296 -0.15574254 -0.93265206 0.27120715 0.96027446 -0.06572308 0.90583783 -0.23155366 0.3547402
1493818453435 0.32484376 -0.011704368 -0.9456953 -0.08896853 0.9951112 -0.04287641 0.9415738 0.09806525 0.32221437
1493818453642 0.16784398 0.006774348 -0.98579025 0.07871491 0.9966914 0.020251527 0.98266596 -0.08099549 0.16675542
1493818453838 0.26680353 0.12716417 -0.9553246 -0.046219885 0.9918045 0.11911173 0.962642 0.012375563 0.27049446
1493818454033 0.31113467 -0.16863392 -0.93528485 -0.045192275 0.98039275 -0.19180077 0.9492907 0.10194352 0.29741323
1493818454241 0.20670587 -0.44567487 -0.87100315 0.29514164 0.8771626 -0.3787837 0.93282586 -0.17877252 0.3128519
1493818454437 0.49311462 -0.11281144 -0.862619 0.041757822 0.99348307 -0.10605478 0.8689616 0.016276075 0.49461183
1493818454642 0.33357692 -0.11926995 -0.9351477 0.3279005 0.9447058 -0.0035234839 0.8838596 -0.30546 0.3542407
1493818454835 0.30517575 -0.09383493 -0.9476617 0.087505594 0.99368644 -0.07021272 0.94826704 -0.061498486 0.31146008
1493818455044 0.30683982 -0.03140269 -0.9512429 0.025704537 0.9993644 -0.024699843 0.951414 -0.016872365 0.307452
1493818455236 0.26550937 -0.25483412 -0.92981946 0.24170972 0.9512279 -0.19168141 0.93331724 -0.17385322 0.31415582
1493818455433 0.13557868 -0.44930705 -0.8830298 0.13218278 0.8914945 -0.43331903 0.98190945 -0.057972513 0.18025829
1493818455638 0.07892622 -0.45841333 -0.88522756 0.2605457 0.86661774 -0.42554623 0.96223 -0.19705547 0.18783651
1493818455833 0.015812198 -0.06641501 -0.9976668 0.15629515 0.9856902 -0.06314058 0.9875839 -0.15493208 0.025966272
1493818456044 0.08507593 -0.19765458 -0.976573 0.0415954 0.97997653 -0.19471979 0.99550587 -0.024054974 0.09159394
1493818456236 0.025846908 -0.38026372 -0.9245169 0.21796334 0.90471894 -0.36602694 0.9756146 -0.19205011 0.10626773
1493818456443 0.07855025 -0.14779581 -0.98589367 0.15735894 0.97838974 -0.13413344 0.98441255 -0.14460297 0.10010975
1493818456638 0.037741154 -0.32518062 -0.9448984 0.20376179 0.92821014 -0.3112988 0.97829276 -0.18078543 0.10129112
1493818456840 0.052762542 0.015951686 -0.9984797 0.0577288 0.9981516 0.018996999 0.9969371 -0.05864336 0.05174414
1493818457037 -0.01415847 -0.32836598 -0.9444445 -0.05543607 0.94334424 -0.32715237 0.9983619 0.04772431 -0.031559628
1493818457247 -0.05917229 -0.51373523 -0.85590583 0.04994049 0.8548111 -0.51653075 0.9969978 -0.07330866 -0.024924943
1493818457441 -0.034603834 -0.1519066 -0.9877889 0.09793667 0.9831082 -0.15461765 0.9945909 -0.102091126 -0.019142086
1493818457640 0.22277294 -0.004112584 -0.9748617 0.31673753 0.94604445 0.06838905 0.9219812 -0.32401052 0.21205568
1493818457846 0.08736306 0.08327795 -0.99268955 0.23147383 0.9675278 0.101538286 0.9689106 -0.23865233 0.06524952
1493818458039 0.04574549 -0.08212749 -0.99557143 0.12005739 0.98984313 -0.07613842 0.9917125 -0.11604271 0.055140864
1493818458240 0.02451124 -0.23880003 -0.9707594 0.27207798 0.9359895 -0.22337703 0.961963 -0.258647 0.08791449
1493818458446 0.038547266 -8.019471E-4 -0.99925643 0.042400636 0.9991003 8.3382294E-4 0.9983568 -0.04240125 0.038546596
1493818458646 -0.07116413 -0.38926333 -0.9183734 0.15972187 0.90438014 -0.39570886 0.9845937 -0.1748446 -0.0021855575
1493818458855 -0.027666448 0.27910015 -0.95986336 0.18890725 0.9443884 0.26915556 0.9816052 -0.17387857 -0.07885191
1493818459047 -0.03446463 0.33253017 -0.9424627 -0.07115079 0.9398136 0.3341974 0.99687 0.07857495 -0.008730549
1493818459247 0.0265969 0.46353582 -0.885679 0.1109123 0.87915385 0.46345145 0.9934743 -0.11055905 -0.028029056
1493818459450 -0.022190595 0.35394686 -0.93500215 -0.07656457 0.93188417 0.35458368 0.99681765 0.07945648 0.0064207255
1493818459646 0.1267117 0.71111566 -0.6915625 0.010555454 0.69617593 0.7177936 0.9918834 -0.0982526 0.08070749
1493818459852 0.021773465 0.31556806 -0.94865304 0.10649622 0.94274724 0.3160478 0.99407476 -0.10790943 -0.013079931
1493818460047 -0.06528142 0.33735868 -0.9391099 0.040951774 0.94123036 0.33527368 0.99702626 -0.016571075 -0.07526029
1493818460255 -0.11685627 0.2925359 -0.9490877 0.037380874 0.9562532 0.290142 0.992445 -0.001572813 -0.12267942
1493818460451 -0.044189934 0.46710137 -0.88309884 0.04767807 0.8839412 0.46516114 0.99788487 -0.02154901 -0.061331794
1493818460665 -0.088398 0.30866742 -0.94705343 0.027504582 0.9511693 0.30744162 0.99570537 0.0011289176 -0.09257124
1493818460854 -0.04078167 0.37335002 -0.92679375 0.16165972 0.9178097 0.36261737 0.9860035 -0.13503706 -0.09778547
1493818461059 0.017209485 0.57308364 -0.81931615 -0.033638753 0.8193055 0.5723696 0.9992859 0.017710589 0.033377647
1493818461259 -0.042120833 0.5448764 -0.8374579 0.008639358 0.8383691 0.5450347 0.9990752 0.015722213 -0.04002018
1493818461463 -0.067897335 0.42291316 -0.903623 0.05684388 0.90588164 0.41969907 0.99607164 -0.02286899 -0.08554696
1493818461655 -0.10429874 0.53591233 -0.8378066 -0.21726212 0.80977744 0.5450302 0.97052515 0.23886956 0.031974666
1493818461850 0.025468031 0.6861074 -0.7270543 0.19719893 0.70955133 0.6764979 0.9800326 -0.16060342 -0.117228776
1493818462057 -0.046732582 0.73797876 -0.6732038 0.026572965 0.67462015 0.7376867 0.998554 0.01658498 -0.051137023
1493818462251 -0.12636448 0.56188715 -0.81750524 -0.022387963 0.8222861 0.56863374 0.9917312 0.09015739 -0.09132826
1493818462466 -0.094848044 0.35792112 -0.9289222 -0.04749713 0.9304391 0.36335534 0.994358 0.07858467 -0.071250096
1493818462659 -0.04839672 0.53512996 -0.8433822 -0.03225779 0.84309375 0.53679806 0.99830717 0.053184923 -0.023540867
1493818462853 0.16710337 0.74492425 -0.64588255 0.15522385 0.6270467 0.7633597 0.9736438 -0.22781637 -0.010848398
1493818463056 -0.06726442 0.48150674 -0.8738574 0.017210212 0.8762706 0.48151174 0.9975867 0.017349334 -0.06722867
1493818463260 -0.16826726 0.26648712 -0.9490368 -0.015615385 0.96192306 0.27287424 0.98561776 0.060735367 -0.15769885
1493818463469 -0.055509444 0.41545188 -0.9079198 0.056037165 0.9091848 0.41260466 0.99688435 -0.027973795 -0.073749095
1493818463661 -0.05922696 0.2940928 -0.95394015 -0.049191143 0.95359695 0.29704112 0.9970318 0.064518236 -0.042011876
1493818463859 0.08626792 0.76758623 -0.6351134 0.19244142 0.6126455 0.7665714 0.9775092 -0.18835267 -0.09486376
1493818464062 -0.051928442 0.5577744 -0.8283666 0.07622123 0.8292798 0.5536112 0.9957378 -0.03439094 -0.085577466
1493818464258 -0.16723248 0.35204145 -0.92092353 -0.104742065 0.92244756 0.37164438 0.98033786 0.15861043 -0.117389634
1493818464467 -0.024392249 0.3267049 -0.9448116 0.10944972 0.9402844 0.3223138 0.99369305 -0.09554741 -0.058693405
1493818464666 -0.066302575 0.14392903 -0.98736435 -0.08049012 0.98554534 0.14906888 0.9945477 0.089356735 -0.05375934
1493818464860 0.096877456 0.6423535 -0.76026106 0.13733758 0.74791956 0.6494265 0.9857754 -0.16732718 -0.015762707
1493818465083 -0.03322972 0.3386619 -0.94032115 0.070423916 0.93929565 0.3358039 0.9969636 -0.055062428 -0.055062428
1493818465269 -0.09197043 0.12706356 -0.98762155 -0.13312995 0.98135185 0.1386544 0.9868221 0.14423412 -0.07333938
1493818465496 0.076734215 0.45120472 -0.8891155 0.06814174 0.8872865 0.45615742 0.99472034 -0.09558874 0.037339352
1493818465682 -0.13261974 0.0044984072 -0.9911568 -0.20541658 0.9781539 0.031924743 0.96964747 0.20783387 -0.12879845
1493818465886 0.025502631 0.38244176 -0.92362756 0.08926362 0.91936606 0.38314193 0.9956814 -0.092217475 -0.010691881
1493818466084 -0.033399574 0.3824098 -0.9233889 0.12666109 0.9180744 0.37562746 0.9913835 -0.10441166 -0.079099745
1493818466274 -0.17078155 0.1941539 -0.96599066 -0.0016338713 0.98033655 0.19732614 0.9853076 0.03527797 -0.16710618
1493818466487 -1.3233352E-4 0.29518983 -0.9554386 0.10395836 0.95026577 0.29357725 0.99458164 -0.09928698 -0.0308132
1493818466675 -0.124642804 0.10469923 -0.98666215 0.03124897 0.9943379 0.10156613 0.99170953 -0.018172689 -0.12720881
1493818466885 0.012047852 0.5418063 -0.8404171 -0.06537522 0.8391067 0.54002434 0.9977881 0.048436314 0.045530133
1493818467075 -0.086634986 0.28417546 -0.95485 0.14097378 0.95230615 0.27062762 0.98621535 -0.111163005 -0.12256434
1493818467285 -0.08498826 0.38282585 -0.91990286 0.037681893 0.92381763 0.38097367 0.9956691 -0.002285392 -0.09293927
1493818467476 -0.12310117 0.18414716 -0.97515947 -0.03649401 0.98112863 0.18988125 0.9917229 0.05896208 -0.1140578
1493818467681 0.017019495 0.30802613 -0.95122564 0.110564895 0.94494903 0.3079719 0.99372315 -0.110413685 -0.01797432
1493818467881 -0.072208114 0.2434676 -0.9672175 -0.043599233 0.96805143 0.24693243 0.9964362 0.060000457 -0.059286162
1493818468079 0.1838351 0.45178816 -0.8729789 0.18523006 0.85628164 0.4821533 0.9653469 -0.2503386 0.073729865
1493818468281 0.012849244 0.3284966 -0.9444178 0.12577377 0.9364633 0.327441 0.9919758 -0.122990355 -0.029283417
1493818468478 -0.08497072 0.1353165 -0.9871522 -0.07996639 0.9866132 0.14212586 0.9931693 0.091015525 -0.07301246
1493818468686 -0.045742664 0.20494182 -0.97770464 0.08612493 0.975894 0.20053285 0.9952337 -0.07503185 -0.06229059
1493818468878 -0.18137026 0.12199606 -0.9758186 -0.092906356 0.98571193 0.14050093 0.9790165 0.11614242 -0.1674446
1493818469073 0.08810823 0.7225213 -0.68571115 0.025075328 0.6865614 0.72663915 0.99579525 -0.08121734 0.042374264
1493818469280 0.29124984 0.5510874 -0.7819694 0.004073426 0.8166846 0.5770699 0.95663834 -0.17125681 0.23561448
1493818469477 0.14056855 -0.019236483 -0.989884 0.06113109 0.9980722 -0.010714678 0.9881819 -0.059006546 0.14147353
1493818469683 0.30109665 0.14133713 -0.9430613 0.22764802 0.9497076 0.21501571 0.92602223 -0.27942654 0.25377867
1493818469879 0.33020762 0.013707329 -0.9438088 0.24451785 0.96452034 0.09955687 0.91168743 -0.26365253 0.31514025
1493818470084 0.20897347 0.054077037 -0.97642493 0.01911908 0.998053 0.059366703 0.9777343 -0.031074418 0.20753272
1493818470293 0.26286343 0.50159115 -0.8242021 0.14444262 0.82415783 0.5476314 0.9539597 -0.2630022 0.1441898
1493818470485 0.062893204 0.2987705 -0.95225024 -0.095756404 0.95154375 0.2922244 0.9934159 0.07280514 0.088454835
1493818470695 0.027499348 0.4527021 -0.89123774 0.010909725 0.891386 0.453114 0.9995623 -0.022183497 0.019573675
1493818470888 0.08961625 0.4761378 -0.87479234 -0.09019314 0.87859726 0.4689691 0.9918842 0.036873017 0.12168096
1493818471096 0.0024634416 0.3669943 -0.9302199 -0.12117174 0.92347795 0.36401352 0.9926285 0.11181965 0.046744276
1493818471290 -0.09839439 0.294092 -0.95069885 0.20667987 0.9405428 0.26955956 0.9734484 -0.16996719 -0.15332705
1493818471497 -0.035619017 0.49560386 -0.86781806 0.022884341 0.86854583 0.4950802 0.9991033 -0.0022251743 -0.042278312
1493818471691 -0.12451064 0.41097012 -0.9031061 0.072171465 0.9115291 0.4048529 0.98959 -0.014770001 -0.1431554
1493818471885 -0.095948376 0.57827127 -0.8101829 0.05984348 0.8158171 0.5752055 0.99358577 0.0067058657 -0.11288207
1493818472099 -0.10918123 0.56625175 -0.816969 -0.06336546 0.8162459 0.57421887 0.9920001 0.11446154 -0.05323793
1493818472286 0.012787798 0.7276745 -0.6858036 0.24281776 0.66306996 0.7080806 0.9699877 -0.17558004 -0.16821304
1493818472494 -0.13819866 0.56434584 -0.8138887 0.09175997 0.8255353 0.5568406 0.9861446 0.0022722227 -0.16587225
1493818472689 -0.22924213 0.5732141 -0.78668517 0.023328245 0.8112116 0.5842872 0.9730899 0.11559128 -0.19933598
1493818472900 -0.11735174 0.5776713 -0.80778986 0.13896838 0.81495905 0.56260955 0.98331904 -0.04623404 -0.17591488
1493818473092 -0.09619363 0.50129694 -0.85991174 0.05735778 0.8652742 0.49800673 0.9937086 -0.0014175586 -0.11198713
1493818473290 0.25394893 0.9235472 -0.2873508 0.11466817 0.26624742 0.95705986 0.9603964 -0.2759943 -0.03828823
1493818473492 -0.019176645 0.6178678 -0.78604805 0.06510857 0.7852956 0.61568797 0.9976939 -0.039371632 -0.055287827
1493818473692 -0.1809754 0.27268463 -0.9449291 -0.103362635 0.95019954 0.29400182 0.97804093 0.15087746 -0.14377736
1493818473899 0.1317828 0.60684884 -0.7838161 0.09464494 0.7793972 0.61934024 0.98675007 -0.15580264 0.04527598
1493818474092 -0.11575007 -0.021798998 -0.99303913 -0.10619311 0.99430066 -0.009448669 0.9875854 0.10436023 -0.11740526
1493818474301 0.05106248 0.54503876 -0.83685434 0.091493435 0.83187056 0.5473755 0.9944956 -0.10451705 -0.0073900945
1493818474492 0.053475372 0.62898767 -0.77557397 0.16529813 0.7603943 0.62807417 0.9847928 -0.1617874 -0.06330811
1493818474704 -0.15264864 0.37676015 -0.9136467 -0.08946439 0.9154173 0.3924377 0.9842228 0.14164391 -0.10603058
1493818474895 0.12972993 0.82354754 -0.55221343 0.08958973 0.54490626 0.8336971 0.98749363 -0.15762809 -0.0030907472
1493818475092 -0.075598516 0.41448092 -0.9069126 0.05504708 0.9098632 0.41124076 0.99561775 -0.018833699 -0.09160026
1493818475303 0.05893224 0.814649 -0.57695234 0.023176305 0.57668453 0.8166382 0.997993 -0.061497945 0.0151047595
1493818475494 0.016889578 0.63834065 -0.76956874 0.112072974 0.76361954 0.6358655 0.99355644 -0.09698735 -0.05864352
1493818475701 -0.061641015 0.6228356 -0.77992064 0.05802918 0.78232116 0.62016624 0.9964101 -0.0070304754 -0.08436571
1493818475907 0.08707339 0.8659776 -0.49244404 0.04016089 0.4908682 0.8703076 0.99539196 -0.09555763 0.007963136
1493818476102 -0.09169833 0.53753597 -0.8382401 0.023930104 0.8427331 0.5377994 0.99549925 0.029256135 -0.09014052
1493818476298 -0.12842731 0.6916956 -0.7106784 -0.1621864 0.6923156 0.7031321 0.978367 0.20556372 0.023271365
1493818476500 0.10822559 0.8554615 -0.50643146 0.16264078 0.48732373 0.8579415 0.980732 -0.17521763 -0.08639203
1493818476699 0.016954212 0.78099597 -0.6243058 0.0016663065 0.62437254 0.7811247 0.9998548 -0.014283639 0.009284366
1493818476902 -0.09059608 0.7142108 -0.6940428 -0.0032622516 0.6966921 0.71736294 0.9958824 0.067254394 -0.060787622
1493818477100 0.039407402 0.7700999 -0.63670504 0.14381547 0.62619436 0.7662883 0.98881954 -0.12176545 -0.08607558
1493818477303 -0.13662046 0.67724687 -0.7229603 -0.041553967 0.725243 0.6872378 0.98975146 0.12393261 -0.07094073
1493818477506 0.09960454 0.78893393 -0.6063516 0.23879553 0.5726203 0.78427213 0.96594805 -0.22291109 -0.13135831
1493818477709 0.008337294 0.6735193 -0.73912257 0.034624644 0.73851055 0.6733522 0.99936557 -0.031205792 -0.017163187
1493818477916 -0.058313858 0.6208134 -0.78178656 -0.036367074 0.78127825 0.62312245 0.9976356 0.06476796 -0.02298218
1493818478122 0.039958194 0.6147711 -0.78769267 0.06247527 0.7852426 0.6160282 0.99724627 -0.07382669 -0.0070311134
1493818478318 -0.050018117 0.57965964 -0.8133221 0.05080426 0.81476384 0.5775628 0.9974553 -0.012431628 -0.070202135
1493818478527 0.16411807 0.77061105 -0.6158117 0.1470097 0.59819776 0.7877486 0.97542477 -0.21981403 -0.015112215
1493818478720 0.0117979525 0.49030906 -0.8714688 0.020963456 0.8712166 0.49045098 0.9997106 -0.024055315 0.0
1493818478916 -0.13774602 0.22547679 -0.9644616 -0.08363989 0.96761763 0.23816021 0.9869297 0.11347309 -0.114426635
1493818479123 0.055924412 0.52660745 -0.84826714 0.06233714 0.8460977 0.52937037 0.99648714 -0.08248327 0.0144903045
1493818479323 -0.09277322 0.23957445 -0.9664353 0.03233917 0.9708343 0.23756054 0.995162 -0.009214463 -0.09781506
1493818479510 0.16278026 0.793736 -0.5860766 0.14677724 0.56790936 0.80989844 0.97568387 -0.21785818 -0.024057958
1493818479724 0.0013711553 0.57746774 -0.8164123 0.041161127 0.81568855 0.57702494 0.9991515 -0.034395643 -0.02265079
1493818479911 -0.16164309 0.39437628 -0.9046209 -0.14999036 0.8962078 0.41750973 0.9753842 0.20317197 -0.08571317
1493818480123 0.2730277 0.7170335 -0.64134145 0.048056312 0.6556727 0.75351435 0.9608051 -0.23655081 0.14455883
1493818480314 -0.15710774 0.23297021 -0.9597094 -0.13940088 0.9568163 0.25508833 0.9776935 0.17386067 -0.11784698
1493818480525 0.053515315 0.845951 -0.5305685 0.09278464 0.52481866 0.84614205 0.994247 -0.094510175 -0.050405424
1493818480716 0.0024796117 0.76449394 -0.644626 0.15887156 0.6361396 0.7550405 0.98729616 -0.10428498 -0.11987899
1493818480924 -0.213952 0.49840385 -0.8401299 -0.12471786 0.83906925 0.52953595 0.96884984 0.21807446 -0.11736068
1493818481123 0.13068217 0.8585051 -0.4958742 0.06437968 0.49175948 0.8683478 0.98933184 -0.1454018 0.0089939255
1493818481326 -0.17179418 0.48488355 -0.85753995 -0.03460644 0.8669739 0.49715066 0.98452485 0.115083985 -0.13216096
1493818481525 0.14500926 0.89272976 -0.42662156 0.008606575 0.43002462 0.90277624 0.98939294 -0.13458267 0.05467421
1493818481723 0.0013936964 0.7348177 -0.67826325 0.15019941 0.6704157 0.7266244 0.9886548 -0.10288744 -0.10943482
1493818481924 -0.26631275 0.52922046 -0.8056074 -0.112149 0.8131014 0.57121694 0.9573401 0.24247041 -0.15718772
1493818482122 0.030113954 0.77914774 -0.62611663 0.08276677 0.6223058 0.7783863 0.9961139 -0.075261936 -0.04574745
1493818482324 -0.08143348 0.58728045 -0.8052765 -0.07295857 0.80227983 0.5924729 0.99400485 0.10699895 -0.022485288
1493818482518 0.11550939 0.8437252 -0.5241998 -0.010708477 0.5287593 0.84870434 0.9932487 -0.09241994 0.07011168
1493818482740 0.061650537 0.73963654 -0.67017674 0.12376725 0.66060644 0.74045986 0.99039435 -0.1285957 -0.050816048
1493818482922 -0.1566584 0.506452 -0.8479178 -0.06609666 0.8512173 0.52063465 0.9854387 0.13760631 -0.09987555
1493818483138 0.16017132 0.9087916 -0.38528278 -0.017433748 0.39286578 0.9194305 0.98693526 -0.14054948 0.07876948
1493818483322 -0.04307544 0.70374906 -0.70914155 0.06788846 0.71022165 0.7006972 0.99676263 -0.017959688 -0.07836955
1493818483529 0.08090251 0.91794825 -0.3883631 -0.08451919 0.3945551 0.914977 0.9931321 -0.041199803 0.10950474
1493818483725 0.029045248 0.6996311 -0.7139137 0.14229058 0.70404774 0.69575155 0.98939866 -0.12179146 -0.079101674
1493818483931 -0.06457596 0.6947998 -0.71629834 0.07096783 0.71917653 0.69119364 0.99538606 -0.0061996365 -0.095749944
1493818484129 0.15683633 0.8200768 -0.5503421 0.12770915 0.5357198 0.83468235 0.9793328 -0.20119224 -0.020710967
1493818484343 -0.06487436 0.5480118 -0.8339511 0.060728356 0.8363307 0.54485136 0.99604386 -0.015297601 -0.08753627
1493818484529 0.08468741 0.8233172 -0.5612279 -0.13674937 0.5675252 0.8119203 0.986979 0.007988139 0.16065036
1493818484736 -0.08466637 0.47785345 -0.8743498 0.10680346 0.87679726 0.46884888 0.9906687 -0.053687856 -0.12527166
1493818484932 -0.10215214 0.52617276 -0.8442198 0.003371995 0.8488377 0.52864283 0.99476314 0.0511553 -0.08848484
1493818485138 -0.0034485802 0.7194176 -0.6945693 0.09494896 0.69167095 0.7159441 0.9954761 -0.06347964 -0.07069324
1493818485336 -0.09076662 0.49246523 -0.86558616 0.049288582 0.8703302 0.48999584 0.99465173 0.0018117519 -0.10326985
1493818485527 -0.08977305 0.67812765 -0.72944075 -0.07500062 0.72571546 0.6838949 0.9931343 0.11610383 -0.014289702
1493818485739 0.0027853542 0.55945706 -0.8288547 0.16228053 0.8176182 0.552418 0.98674077 -0.13604565 -0.08851163
1493818485930 -0.1304028 0.4747702 -0.8703955 -0.0284101 0.8757419 0.48194286 0.991054 0.08757473 -0.10071093
1493818486137 -0.06444012 0.6471248 -0.75965583 0.06527586 0.7623411 0.64387506 0.99578434 -0.008095808 -0.09136697
1493818486330 -0.12975688 0.5066131 -0.85235333 0.05956343 0.8620509 0.5033094 0.9897553 0.014538778 -0.14203267
1493818486543 -0.11747964 0.5426347 -0.8317127 -0.02524453 0.8356098 0.5487431 0.9927544 0.08546234 -0.08446859
1493818486731 0.03374263 0.58804375 -0.80812496 0.16546033 0.79414064 0.5847765 0.98563904 -0.15344451 -0.07050153
1493818486932 -0.06557571 0.5221881 -0.8503054 0.0043418817 0.85228074 0.5230664 0.99783814 0.030608531 -0.058156207
1493818487134 -0.104497485 0.4244519 -0.89940023 0.042798486 0.9054329 0.4223263 0.9936038 0.0056390683 -0.11278137
1493818487334 -0.081481576 0.30906788 -0.9475431 0.03908163 0.9509639 0.30682296 0.9959083 -0.012031107 -0.08956491
1493818487540 -0.04007023 0.31383166 -0.9486328 0.050558582 0.9488159 0.31175664 0.9979169 -0.035469364 -0.053886145
1493818487741 0.10428923 0.7472018 -0.6563636 0.14068206 0.6422432 0.7534801 0.9845468 -0.17091845 -0.038138825
1493818487951 0.0337345 0.5824549 -0.8121627 0.10034338 0.8065452 0.5825941 0.9943807 -0.10114867 -0.03123709
1493818488136 -0.10371018 0.39136875 -0.9143712 -0.12955664 0.90618014 0.40255743 0.98613346 0.16021216 -0.043275695
1493818488340 0.40928015 0.82497966 -0.38974127 -0.08793189 0.46083224 0.8831204 0.90816176 -0.32717296 0.26115152
1493818488538 0.030993354 0.29062337 -0.9563354 -0.047289703 0.95614994 0.2890344 0.9984002 0.036266673 0.043377787
1493818488742 0.047804408 0.40357637 -0.9136963 0.116916984 0.90619326 0.4063794 0.9919905 -0.12625334 -0.003864898
1493818488966 0.049993362 0.52797616 -0.84778655 0.03298418 0.8475122 0.52975035 0.99820477 -0.05444753 0.02495512
1493818489150 -0.07320339 0.30863446 -0.94835967 -0.12219629 0.94097054 0.31566203 0.98980266 0.13899356 -0.031168254
1493818489369 0.07711013 0.43432122 -0.89745134 0.1211092 0.88938564 0.44082364 0.9896396 -0.14268161 0.01598034
1493818489548 0.13165766 0.21459854 -0.96778804 -0.009644754 0.9765175 0.21522214 0.9912483 -0.019001566 0.13063575
1493818489752 0.387267 0.55463725 -0.7364793 0.12509845 0.75981385 0.63799155 0.9134411 -0.33920553 0.2248666
1493818489947 0.3282479 0.58661985 -0.7403584 0.0014525503 0.7834724 0.6214251 0.94459057 -0.20505686 0.25632107
1493818490143 -0.029493278 0.401538 -0.91536736 -0.010261948 0.9155958 0.40196884 0.99951226 0.02124883 -0.022883356
1493818490357 0.009948654 0.6001446 -0.7998296 0.020157486 0.79958636 0.6002129 0.9997474 -0.022093866 -0.0041425996
1493818490548 0.01771392 0.4058171 -0.91378254 -0.19202071 0.8982941 0.3952162 0.9812311 0.16846438 0.09383761
1493818490751 0.13758358 0.64742 -0.7496119 -3.895089E-4 0.75684434 0.653595 0.9904901 -0.089631975 0.10438155
1493818490948 0.20858738 0.68943584 -0.69366395 0.054561898 0.6999572 0.7120977 0.9764806 -0.18638219 0.108385295
1493818491154 -0.021861434 0.39561132 -0.9181578 -0.008109655 0.9182769 0.39585572 0.99972814 0.016099917 -0.01686658
1493818491363 0.26425704 0.7230861 -0.638212 0.13719246 0.62682307 0.7669883 0.9546447 -0.29023996 0.06644047
1493818491555 0.049098685 0.37144288 -0.9271567 0.006138798 0.9281464 0.3721645 0.998775 -0.023964414 0.04329056
1493818491756 0.19974026 0.74064225 -0.64152384 -0.13912417 0.66952074 0.72964805 0.96992177 -0.05648863 0.2367715
1493818491960 0.13169366 0.6940795 -0.7077502 0.0242607 0.711498 0.7022692 0.99099356 -0.109654926 0.07686093
1493818492158 -0.07225599 0.35796547 -0.9309349 -0.07238896 0.9290309 0.36285195 0.99475574 0.093607634 -0.041215304
1493818492364 0.17484646 0.80731076 -0.56362945 0.04682949 0.56498104 0.8237739 0.9834814 -0.17042841 0.060978975
1493818492555 -0.028859446 0.2266273 -0.97355396 -0.073149286 0.9708694 0.22817078 0.99690336 0.07779965 -0.011441125
1493818492765 0.04264324 0.7885763 -0.6134566 -0.064118646 0.61490947 0.78598684 0.99703085 0.0058169826 0.07678417
1493818492963 0.09036018 0.72313964 -0.6847657 0.008318581 0.6870064 0.7266036 0.99587435 -0.07135231 0.056062523
1493818493170 0.04160522 0.62392384 -0.78037685 0.043544162 0.7791787 0.62528735 0.99818474 -0.059996076 0.005249657
1493818493364 -0.07815543 0.50016254 -0.86239725 -3.1400472E-4 0.8650309 0.50171846 0.9969412 0.03948282 -0.067449816
1493818493554 -0.028860442 0.6358843 -0.7712446 0.027362233 0.7717795 0.6353014 0.9992089 -0.0027678919 -0.039673116
1493818493764 -0.02356261 0.65404224 -0.7560908 -0.16236627 0.74375594 0.6484321 0.9864492 0.13804242 0.08866959
1493818493955 0.035955165 0.7051574 -0.7081385 0.08291993 0.7040482 0.7052945 0.99590737 -0.08407779 -0.033157438
1493818494188 -0.041678738 0.53505677 -0.8437874 -0.033284158 0.8433089 0.53639746 0.9985765 0.05044112 -0.017339135
1493818494357 -0.015887555 0.57748604 -0.8162459 -0.0549535 0.8146107 0.5773988 0.9983625 0.05402903 0.018792706
1493818494566 0.11735808 0.65731764 -0.74441963 0.08975899 0.73951066 0.66713357 0.98902494 -0.14511187 0.02778738
1493818494761 -0.02822174 0.5147779 -0.8568589 -0.10384026 0.85105276 0.51470983 0.99419343 0.10350247 0.029436482
1493818494967 0.16396326 0.6815548 -0.7131613 0.20775992 0.6828711 0.70037323 0.9643401 -0.26300183 -0.02963401
1493818495161 0.007858144 0.58508766 -0.8109321 -0.042005077 0.8104345 0.5843216 0.9990865 0.029471578 0.030945158
1493818495369 -0.04785018 0.38211548 -0.922875 -0.14024232 0.91221106 0.3849715 0.9889602 0.14784707 0.009939299
1493818495566 0.0990704 0.79145014 -0.6031516 0.103171706 0.59469706 0.79730254 0.98971754 -0.14121726 -0.022738371
1493818495761 -0.09953732 0.6650751 -0.74011314 -0.02366313 0.74201447 0.66996616 0.9947524 0.084200025 -0.05812037
1493818495966 0.13288696 0.9215644 -0.3647741 0.07426633 0.35774505 0.9308614 0.98834485 -0.15078977 -0.020901553
1493818496172 -0.09232537 0.673104 -0.7337623 0.09284842 0.73951864 0.66670185 0.9913905 -0.0065751765 -0.13077296
1493818496394 -0.07823939 0.61344135 -0.78585505 -0.027506001 0.786643 0.61679494 0.99655503 0.0698734 -0.04467316
1493818496574 0.082090855 0.78412783 -0.6151461 0.049077824 0.6132999 0.7883239 0.9954157 -0.09490421 0.011863026
1493818496767 -0.09641173 0.61049676 -0.7861288 0.026150802 0.7910891 0.6111417 0.994998 0.038363334 -0.09223525
1493818496979 0.11957667 0.86085874 -0.49459442 0.18786573 0.46954975 0.86268735 0.9748886 -0.19607465 -0.10557866
1493818497169 -0.042597983 0.72286904 -0.68967086 0.0986054 0.68996906 0.7170912 0.9942145 -0.037458632 -0.10067007
1493818497392 -0.11382757 0.68505764 -0.719541 -0.01172623 0.7232714 0.6904643 0.9934313 0.08703138 -0.07429508
1493818497570 0.09500599 0.87050366 -0.48290488 0.061661102 0.47902164 0.8756347 0.9935652 -0.112967 -0.008166289
1493818497767 -0.10929919 0.64151245 -0.7592861 0.020716682 0.76516676 0.6434987 0.993793 0.05460401 -0.09692212
1493818497973 0.21687861 0.97187954 0.09172663 0.026664004 -0.099825665 0.99464756 0.9758343 -0.21327199 -0.047564253
1493818498171 -0.06055604 0.8012944 -0.59519774 0.070612796 0.5982371 0.7982019 0.995664 0.006307374 -0.09280849
1493818498376 -0.20804097 0.64981467 -0.73106766 -0.07047267 0.7355206 0.6738272 0.97557807 0.19170395 -0.10722423
1493818498571 0.075210534 0.93597037 -0.34395185 0.039116792 0.34189403 0.9389241 0.9964002 -0.08407126 -0.010898127
1493818498777 -0.121813215 0.6035365 -0.78797543 -0.040034268 0.7902538 0.6114705 0.99174535 0.10603122 -0.07210123
1493818498974 0.1381 0.99037427 0.009338503 0.040010702 -0.014999836 0.9990867 0.9896098 -0.13760024 -0.041697044
1493818499175 -0.0037292056 0.85441005 -0.5195858 0.10605435 0.51699704 0.8493919 0.9943534 -0.051936783 -0.09254191
1493818499380 -0.18316156 0.7274683 -0.66124254 -0.035185345 0.66733944 0.74392205 0.9824529 0.15952398 -0.096634716
1493818499573 0.02625552 0.88044983 -0.47341192 0.103691824 0.46862194 0.8772923 0.99426293 -0.0721227 -0.07899153
1493818499790 -0.15949371 0.63783526 -0.7534773 -0.055274956 0.75628036 0.6519086 0.98565024 0.14562373 -0.08536564
1493818499974 0.002151562 0.9738425 -0.22721389 -0.060886197 0.22692046 0.9720083 0.9981425 0.011742854 0.0597818
1493818500201 0.021189589 0.88614005 -0.4629329 0.09371783 0.45923755 0.8833561 0.9953733 -0.062103014 -0.07331606
1493818500375 -0.1565711 0.79929674 -0.5801811 0.017312057 0.58955675 0.8075413 0.98751485 0.11639352 -0.10614503
1493818500579 0.046089783 0.9113816 -0.4089736 0.06593114 0.40574062 0.91160715 0.9967591 -0.06897987 -0.041387923
1493818500778 -0.086393565 0.8182057 -0.56839734 -0.032377653 0.56792325 0.82244444 0.9957348 0.08945728 -0.022573333
1493818500979 0.04897262 0.9941996 -0.09575408 -0.09953587 0.10024979 0.98997104 0.9938281 -0.038950507 0.103868015
1493818501178 0.03472541 0.8750461 -0.4827925 0.03957271 0.48150107 0.8755517 0.9986131 -0.049509294 -0.017907618
1493818501380 -0.02577487 0.78015995 -0.62504876 0.06688617 0.62520117 0.77759206 0.9974276 -0.021764785 -0.0682964
1493818501579 0.008168498 0.771963 -0.63561505 0.060669728 0.6340827 0.7708816 0.9981245 -0.04485953 -0.041655276
1493818501801 -0.0032286136 0.73764336 -0.6751828 0.071494386 0.6736288 0.73560375 0.9974358 -0.045896802 -0.054912247
1493818501991 -0.11914285 0.69938636 -0.7047438 -0.056286424 0.7039004 0.70806503 0.9912803 0.12402839 -0.044498738
1493818502187 0.06233453 0.84902674 -0.52465993 0.13466935 0.51371986 0.84732294 0.988928 -0.12347309 -0.08231539
1493818502385 -0.033727214 0.7480535 -0.6627809 -0.0067767743 0.6629717 0.74861366 0.999408 0.02974017 -0.017290797
1493818502583 -0.038923424 0.6266251 -0.7783481 -8.10463E-4 0.7789183 0.6271247 0.9992419 0.025040668 -0.029810317
1493818502800 -0.009872254 0.69237846 -0.72146696 0.03627301 0.7212752 0.69169813 0.99929315 -0.019341158 -0.032235265
1493818503007 -0.14626795 0.68844956 -0.7103822 -0.076959044 0.7080101 0.70199656 0.98624694 0.15734993 -0.05057676
1493818503202 0.18866095 0.90294397 -0.38613355 0.13915864 0.36464617 0.9206888 0.9721326 -0.22743188 -0.05685797
1493818503394 -0.048221808 0.720709 -0.69155854 0.026597738 0.693045 0.72040355 0.99848247 0.016345264 -0.05258911
1493818503602 -0.126781 0.65192425 -0.74761045 0.09745761 0.7582322 0.6446595 0.9871315 0.008870245 -0.1596644
1493818503796 -0.0028601629 0.7055061 -0.70869803 0.11604494 0.70414704 0.7005073 0.9932399 -0.080237255 -0.083884396
1493818504006 -0.013382116 0.6594708 -0.75161105 0.002431783 0.7516976 0.6595034 0.99990743 0.0069977967 -0.0116629945
1493818504203 0.11828885 0.8788284 -0.46224275 0.1517461 0.44404444 0.8830614 0.98131585 -0.17459986 -0.08083326
1493818504392 -0.021122852 0.76474804 -0.6439832 0.08590202 0.6431331 0.76092094 0.9960796 -0.039246637 -0.0792782
1493818504601 -0.11056538 0.71083844 -0.6946106 0.025274087 0.7006806 0.71302724 0.9935475 0.06128048 -0.09543682
1493818504798 -0.027705709 0.65778536 -0.75269574 0.13710624 0.74836904 0.64895755 0.99016887 -0.08521946 -0.110920556
1493818505004 -0.02482105 0.6046462 -0.7961074 0.097218394 0.7940382 0.60004354 0.9949536 -0.06250256 -0.07849158
1493818505196 0.21918081 0.871419 -0.4388491 0.1994324 0.4002761 0.89443034 0.95508456 -0.28356278 -0.08605636
1493818505405 -0.014052373 0.7794456 -0.62631243 0.120544374 0.62312645 0.772776 0.9926085 -0.06463909 -0.102714166
1493818505607 -0.16153023 0.6954281 -0.7002056 0.015781946 0.7112528 0.70275915 0.98674154 0.10246622 -0.12586401
1493818505811 0.17161624 0.8627346 -0.47564358 0.10821771 0.46337602 0.8795293 0.9792022 -0.20241457 -0.013840314
1493818506001 -0.04094883 0.6825985 -0.7296455 1.9046292E-4 0.7302633 0.6831657 0.99916124 0.027835868 -0.030033438
1493818506213 0.06322917 0.90280294 -0.42538095 -0.014546249 0.42702222 0.90412414 0.99789304 -0.050979316 0.040132657
1493818506409 -0.021145768 0.81537336 -0.57854915 0.17837518 0.5724707 0.8002872 0.9837353 -0.08627612 -0.15754771
1493818506615 -0.20055655 0.7198977 -0.66447294 0.012893029 0.68013436 0.732974 0.9795973 0.13843569 -0.14568709
1493818506807 0.16819982 0.8890402 -0.42581272 0.10227987 0.41389558 0.90456027 0.98043233 -0.19569893 -0.021313747
1493818507014 -0.10959599 0.6309318 -0.76805836 -0.008482046 0.7720913 0.635455 0.9939401 0.07615804 -0.079266526
1493818507214 0.011482673 0.866381 -0.49925148 -0.008786973 0.49935257 0.8663543 0.9998955 -0.005561154 0.013346769
1493818507418 0.10480472 0.8811515 -0.46107268 0.10168384 0.45170137 0.8863555 0.98928064 -0.13977788 -0.04225843
1493818507619 -0.12361144 0.6406503 -0.75781757 0.03845387 0.76619333 0.64145863 0.9915854 0.050150603 -0.11934574
1493818507824 0.033374257 0.7262266 -0.68664473 0.12977625 0.6780621 0.723457 0.9909815 -0.11325503 -0.07161715
1493818508023 -0.06295731 0.6048081 -0.79387885 0.10125392 0.79522324 0.5978025 0.99286664 -0.042747304 -0.11130429
1493818508204 -8.940818E-4 0.74978566 -0.6616801 -0.056271084 0.6605942 0.74863124 0.9984151 0.0379028 0.04160063
1493818508416 0.060580187 0.7915297 -0.6081207 0.15890665 0.59382194 0.78874856 0.9854333 -0.14441694 -0.0898055
1493818508687 -0.08097192 0.67125255 -0.73679286 0.029767998 0.74051905 0.6713759 0.9962718 0.03242974 -0.07994308
1493818508889 0.06224759 0.8184897 -0.5711391 0.04331107 0.56949455 0.8208533 0.99712056 -0.07583279 0.0
1493818509076 0.032828335 0.61201495 -0.7901646 0.08945249 0.7856187 0.61221045 0.99544996 -0.09078003 -0.0289557
1493818509293 0.29364938 0.7694905 -0.56714594 -0.09638822 0.61411405 0.78330916 0.95104116 -0.17535202 0.254504
1493818509481 0.25737476 0.70512074 -0.66072917 0.071096696 0.6680928 0.74067354 0.9636926 -0.23760632 0.12181846
1493818509694 0.08906308 0.64977235 -0.7548931 2.6591495E-4 0.75788957 0.6523829 0.99602604 -0.058303967 0.067327194
1493818509889 0.34128824 0.85169655 -0.39766234 -0.022574589 0.43036854 0.9023709 0.9396876 -0.2989915 0.1661064
1493818510094 0.11207631 0.5964908 -0.7947563 -0.059395686 0.80238664 0.5938417 0.991923 -0.01935049 0.12535752
1493818510310 0.12269884 0.8654584 -0.4857227 -0.21806496 0.5009707 0.83754164 0.9681905 0.003153715 0.25019473
1493818510491 0.07243801 0.8464138 -0.5275761 0.0012255646 0.52888983 0.84868973 0.9973722 -0.06212397 0.037274387
1493818510684 0.020190261 0.7693976 -0.63845104 -0.087692484 0.63748294 0.76545775 0.99594295 0.040532563 0.08034133
1493818510895 0.15229782 0.89106977 -0.42755118 -0.06472488 0.44066116 0.895337 0.98621297 -0.108684696 0.12478613
1493818511085 0.14190523 0.8637758 -0.48348138 0.055422515 0.48072502 0.8751182 0.98832756 -0.15097962 0.020344771
1493818511296 0.0073663793 0.8229209 -0.56810814 -0.0860523 0.56653774 0.8195303 0.9962634 0.04285004 0.07498757
1493818511492 0.16393074 0.90989834 -0.38106635 0.1224384 0.36453786 0.9231039 0.978844 -0.19798227 -0.05164755
1493818511682 0.086408794 0.85166025 -0.5169221 0.08247015 0.51096725 0.85563505 0.9928405 -0.11656502 -0.02608448
1493818511904 0.07388435 0.8193287 -0.56854343 0.03128936 0.56791645 0.82249135 0.99677587 -0.078558594 0.016323863
1493818512085 -0.049632452 0.788179 -0.6134415 0.006179843 0.61442906 0.7889478 0.9987484 0.035366446 -0.035366446
1493818512311 0.02483729 0.973255 -0.22838114 -0.023496471 0.22895682 0.97315294 0.9994153 -0.018804329 0.028554723
1493818512494 0.11051545 0.9932838 0.034257166 -0.080717586 -0.025384253 0.9964136 0.99059117 -0.112884276 0.07737012
1493818512690 0.14405452 0.9312477 -0.33470276 -0.011656091 0.33980396 0.9404241 0.9895012 -0.13157104 0.059805013
1493818512915 -0.087381594 0.8966815 -0.4339664 0.017795585 0.43696827 0.8993009 0.9960159 0.07085965 -0.054139953
1493818513087 0.12061013 0.9852119 -0.12169952 0.013326194 0.12097653 0.9925659 0.99261045 -0.1213353 0.0014618711
1493818513292 0.07978111 0.9431028 -0.32278788 0.099766195 0.3146395 0.9439538 0.99180734 -0.107512996 -0.0689875
1493818513498 -0.0053478144 0.9999734 -0.0049647917 0.042073198 0.0051854667 0.9991011 0.9991002 0.005134122 -0.042099804
1493818513691 -0.053578224 0.7836511 -0.6188864 0.05371157 0.6211411 0.7818561 0.9971181 0.008649104 -0.075370766
1493818513916 -0.03013552 0.7664503 -0.6415962 0.02548989 0.6422682 0.7660558 0.99922067 0.0067312773 -0.038891826
1493818514097 -0.15199505 0.67470765 -0.7222652 0.041096367 0.7344379 0.6774304 0.9875265 0.0732836 -0.13935897
1493818514289 0.03894251 0.9010315 -0.43200186 0.076904334 0.42834494 0.9003367 0.99627763 -0.06828419 -0.05261241
1493818514494 -0.02328656 0.79677373 -0.6038289 -0.021131186 0.60346544 0.79710907 0.99950546 0.03132155 0.0027841378
1493818514701 0.078857176 0.95062363 -0.30016053 0.09918533 0.29212233 0.95122385 0.9919394 -0.10478233 -0.07125198
1493818514904 0.047963314 0.9358688 -0.349069 0.0855419 0.3443387 0.93494046 0.9951795 -0.07470286 -0.06354036
1493818515093 -0.2184578 0.6921825 -0.6878659 -0.07694738 0.6904782 0.7192488 0.9728079 0.21005501 -0.097578734
1493818515328 0.11011524 0.92966664 -0.35156006 -0.088854305 0.3615025 0.92812765 0.9899392 -0.070963375 0.12241183
1493818515496 -0.07300886 0.6714799 -0.7374174 0.016629918 0.7401075 0.672283 0.9971927 0.03681942 -0.06520106
1493818515699 0.039262887 0.9985031 -0.03807735 -0.23588786 0.046291746 0.9706771 0.97098684 -0.029129604 0.23735233
1493818515909 0.028778642 0.85091704 -0.52451116 0.08272917 0.5209007 0.84959894 0.9961565 -0.06784267 -0.05540485
1493818516102 -0.052972645 0.81814086 -0.5725727 -0.054884695 0.5701257 0.81972206 0.99708647 0.07484832 0.014702348
1493818516302 -0.15013513 0.805189 -0.57369864 -0.07017035 0.57013404 0.81854945 0.98617214 0.16314965 -0.029096754
1493818516495 0.09479044 0.9732216 -0.209415 0.024829343 0.20798543 0.97781676 0.9951875 -0.0978873 -0.0044494225
1493818516697 -0.2525426 0.9229361 -0.29053617 -0.059498906 0.28488818 0.9567125 0.96575475 0.25889724 -0.017032713
1493818516900 -0.1549199 0.8631613 -0.48057497 0.06292933 0.49408185 0.867135 0.9859208 0.10409421 -0.13086128
1493818517107 0.07838548 0.96792454 -0.23870024 0.041568786 0.23605536 0.9708501 0.99605614 -0.08602304 -0.021732135
1493818517299 -0.2853357 0.8484408 -0.44579342 -0.027229615 0.4577659 0.8886557 0.9580408 0.26570395 -0.107514225
1493818517501 -0.0048155906 0.9441404 -0.3295084 -0.06940566 0.328402 0.9419846 0.9975769 0.02740596 0.06394724
1493818517700 -0.052633185 0.89113927 -0.450667 0.05820393 0.45326287 0.8894747 0.99691623 0.020585291 -0.07572446
1493818517900 -0.0070760255 0.9995166 0.030276574 -0.13134505 -0.030944018 0.9908537 0.9913115 0.003034627 0.1315005
1493818518101 -0.03573668 0.91310257 -0.40616077 0.13410519 0.4071261 0.9034733 0.9903225 -0.022181135 -0.13700113
1493818518320 0.096817285 0.9469368 -0.3064916 -0.026695577 0.3102981 0.95026445 0.99494416 -0.08382007 0.055321246
1493818518505 -0.10549172 0.91825587 -0.38167724 -0.062356398 0.3769552 0.9241301 0.99246323 0.121288106 0.017493477
1493818518721 -0.102505974 0.91920173 -0.38021132 -0.09228606 0.37178835 0.9237188 0.99044216 0.12977493 0.04671897
1493818518915 -0.037134394 0.9856615 -0.16459751 0.035923474 0.16592133 0.98548436 0.9986643 0.03068245 -0.041569773
1493818519125 -0.0751846 0.99121666 0.10879659 0.042998556 -0.105781265 0.99345934 0.99624217 0.07937094 -0.034667768
1493818519332 -0.014555533 0.9560604 0.29280826 0.10533333 -0.28974375 0.9512905 0.9943305 0.044689015 -0.09648764
1493818519526 0.08457906 0.83681107 0.5409193 0.07793392 -0.5467571 0.8336564 0.9933643 -0.028353902 -0.111460164
1493818519723 0.02418357 0.80395895 0.5941928 0.27175993 -0.5772711 0.77000284 0.9620611 0.14285639 -0.23244429
1493818519913 0.13808362 0.74247634 0.65548587 -0.19533452 -0.62841076 0.7529569 0.9709672 -0.23201005 0.05825803
1493818520125 0.098188534 0.8040924 0.58634 0.10441843 -0.59425914 0.7974666 0.98967457 -0.017077377 -0.14231147
1493818520314 0.112096034 0.7695004 0.6287317 -0.048661247 -0.62770957 0.77692515 0.9925052 -0.11768511 -0.03291891
1493818520525 -0.17537001 0.47022337 0.8649482 -0.2264238 -0.8742764 0.42938668 0.9581114 -0.1205433 0.2597916
1493818520722 -0.50141907 -0.46643415 0.7287099 0.0935791 -0.86653614 -0.49026328 0.860129 -0.17763534 0.47814623
1493818520914 -0.48702112 -0.87168384 0.054568682 0.68486136 -0.41992074 -0.5955095 0.54201055 -0.25265375 0.8014928
1493818521121 -0.38317418 -0.9202528 0.07945136 0.7291868 -0.35417113 -0.58553374 0.56697834 -0.16642646 0.80674523
1493818521316 -0.41762358 -0.7247716 0.5479933 0.4916379 -0.6874396 -0.53452694 0.76412225 0.046183214 0.64341617
1493818521523 -0.54298496 -0.6747921 0.49982288 0.5180399 -0.7376246 -0.4330642 0.66091 0.02378087 0.7500883
1493818521721 -0.5029489 -0.74963874 0.43021423 0.58763576 -0.66158795 -0.46581724 0.63381916 0.018527022 0.7732594
1493818521932 -0.5067883 -0.7445131 0.43458703 0.5916287 -0.6670357 -0.45281228 0.62700975 0.027634166 0.7785212
