1488467852382 3.7175968 0.08379706 9.498995
1488467852828 3.6218286 -0.14844051 9.546281
1488467853340 3.702633 0.27473465 9.43076
1488467853838 3.5272577 0.25019407 9.186552
1488467854399 3.550601 0.034117375 9.431359
1488467854915 3.6595373 0.034117375 9.427169
1488467855358 3.0909145 -0.22385786 9.762956
1488467855881 3.494936 -0.2208651 9.516952
1488467856451 3.663727 -0.24600422 9.56723
1488467856897 3.8355112 -0.11312603 9.500791
1488467857362 3.828927 -0.05327099 9.366715
1488467857790 3.8989575 -0.0688333 9.582193
1488467858254 3.714604 -0.04189853 9.19134
1488467858704 3.6349967 -0.0688333 9.505579
1488467859123 3.6535518 -0.12928689 9.598953
1488467859618 3.7187939 0.07062895 9.459491
1488467860086 3.6236243 -0.1376666 9.396045
1488467860670 3.6870706 -0.1328782 9.651626
1488467861146 3.6846764 -0.29927522 9.524733
1488467861545 4.0252514 -1.0217255 9.537901
1488467862003 6.8162923 1.246182 8.983644
1488467862503 7.4471645 0.06584055 3.1717186
1488467863048 10.406398 -1.2743138 1.2617443
1488467863587 9.482236 0.18076223 0.82719666
1488467864034 9.248202 -0.46806642 0.320823
1488467864475 9.970055 -0.39983168 -0.17178397
1488467864899 11.015123 0.13826515 0.17597382
1488467865326 9.042301 0.6751649 0.15322891
1488467865774 9.317036 0.705691 1.6412252
1488467866182 12.322956 0.61890113 -0.22325931
1488467866679 10.067618 1.0833763 1.2156559
1488467867048 11.33056 -0.8098387 2.385822
1488467867525 10.5123415 0.9648633 2.3523033
1488467867935 10.766725 0.53929394 0.82599956
1488467868371 8.480861 0.18255788 0.5033809
1488467868794 9.210494 0.96306765 0.7757214
1488467869225 11.153389 0.5967548 0.18674773
1488467869726 10.001179 -0.25019407 0.34476504
1488467870206 8.440758 0.016759412 0.8655039
1488467870672 9.34397 -0.18674773 1.7274165
1488467871096 12.602479 0.8391677 0.6781576
1488467871543 9.837176 0.09756372 -0.08439561
1488467871922 7.951742 0.6314707 -0.10055647
1488467872338 11.954249 -0.54887074 2.1769278
1488467872782 10.96664 -0.85891986 0.28790274
1488467873128 8.441357 0.005985504 -0.15682021
1488467873546 11.478401 -0.7152678 2.5318682
1488467873997 11.429919 0.52732295 0.712275
1488467874651 8.97287 -0.5189432 -0.30945057
1488467875522 7.880515 0.22625206 -0.8283938
1488467876150 8.631097 -0.25917232 0.09756372
1488467876551 9.648034 -1.079785 0.9540894
1488467876968 12.129624 -0.17178397 -0.3172317
1488467877420 10.50875 0.026934769 -0.97743285
1488467877864 8.978256 0.108337626 -0.6536171
1488467878387 7.868544 0.13467385 -0.4321534
1488467878806 8.583213 0.32142156 -0.724246
1488467879196 10.192716 -0.29448682 -1.18094
1488467879669 8.333617 0.02633622 -0.57520694
1488467880198 9.5809965 -0.08140286 -0.7685388
1488467880567 9.844957 0.2208651 2.1811178
1488467880962 11.077373 0.37469256 0.58298814
1488467881300 8.678981 0.362123 0.57041854
1488467881794 8.421604 0.42556936 0.62728083
1488467882175 11.205462 -0.040102877 2.2062569
1488467882649 10.02153 0.22744916 -0.15382746
1488467883064 8.915408 0.641646 0.61112
1488467883444 11.865664 -0.38845924 0.9307459
1488467883807 8.418612 -0.2112883 0.20709845
1488467884153 12.976573 0.3429694 2.4259248
1488467884539 8.635287 0.6889315 -1.7184383
1488467884868 10.717046 -0.6823475 3.0340521
1488467885252 10.576386 1.4532804 -2.2331917
1488467885728 10.281301 0.21428105 -1.0031705
1488467886174 8.423999 -0.15622166 -1.3485341
1488467886586 9.296086 0.11133038 1.9979613
1488467887003 12.148778 -0.75477207 0.65301853
1488467887427 11.319786 0.25378537 -0.9959879
1488467887958 9.805453 0.6631939 -0.88046765
1488467888393 7.6847887 -0.40342298 0.33399114
1488467888787 9.849746 0.39683893 0.39025488
1488467889179 13.025655 -0.04070143 1.1007342
1488467889563 9.783905 0.2908955 0.56802434
1488467889908 8.689755 0.12449849 1.54845
1488467890239 9.778519 -0.79966336 -0.3537433
1488467890870 11.993753 0.54408234 0.11851298
1488467891269 8.130709 0.27832595 -0.6805518
1488467891763 10.198701 0.682946 0.64583594
1488467892129 12.354081 0.11372458 1.1198878
1488467892490 8.697536 0.6194997 -0.34955344
1488467892882 6.704962 -0.3878607 1.7908629
1488467893294 11.195287 -0.08020575 1.0696096
1488467893644 8.483255 0.8343793 1.2862848
1488467894015 10.633847 -0.7200562 0.63206923
1488467894464 11.098921 1.769315 1.9847932
1488467894958 10.392631 0.30705637 -0.6452374
1488467895747 11.6112795 -1.2395979 0.6955156
1488467896142 8.726267 -0.092775315 0.70509243
1488467896552 7.9649105 -1.0324994 2.2577322
1488467896991 11.482592 -1.4514848 0.7978677
1488467897383 8.176797 0.1388637 0.019752163
1488467897795 7.302315 -2.6264393 1.9177556
1488467898141 10.326791 -0.57400984 -0.6314707
1488467898489 9.370307 0.374094 0.76075757
1488467898960 12.406754 -1.18094 -0.12808979
1488467899297 8.999206 -0.5398925 -0.4938041
1488467899646 9.801263 -0.17717093 2.6270378
1488467900028 10.368091 -1.0079589 -0.5734113
1488467900435 8.919599 -0.5734113 0.9816227
1488467900820 10.362703 0.4321534 2.7934349
1488467901245 11.667543 -0.34476504 0.7661445
1488467901633 9.3738985 -0.3333926 0.83617496
1488467902017 10.207679 0.31543607 1.5328877
1488467902624 8.718486 0.078410104 0.3842694
1488467903202 8.924387 0.18195933 1.4802152
1488467903644 12.752715 -0.6607997 2.248754
1488467904045 10.985196 0.08020575 -0.6596026
1488467904529 8.826224 -0.061052144 -0.14963761
1488467904957 8.392874 0.30945057 -1.0043676
1488467905382 10.159196 0.5823896 0.6847417
1488467905784 12.552201 -0.1316811 -0.9044097
1488467906162 9.491813 -0.4950012 0.7661445
1488467906787 9.090784 -0.57281274 -0.46267948
1488467907155 8.859743 -1.0139444 2.1380222
1488467907696 9.836577 -0.207697 0.6392518
1488467908022 10.85531 -0.9427169 0.33039984
1488467908354 8.182783 -0.34356794 0.31423897
1488467908764 9.816826 -0.15083471 0.059855044
1488467909121 10.329185 -0.3489549 -0.973243
1488467909592 8.706514 0.25378537 -0.94331545
1488467909979 11.410167 0.94930094 0.02932897
1488467910401 12.106879 -0.53929394 -0.38367084
1488467910847 10.143036 -0.5201403 -1.2294226
1488467911292 8.205527 -0.27952304 -0.019752163
1488467911948 11.04565 0.15801731 0.019153614
1488467912376 8.561666 0.6548142 0.9032126
1488467912813 9.114726 0.7098808 1.632247
1488467913220 11.121665 -0.36032736 -1.3664906
1488467913652 8.036138 0.6679823 -0.43275195
1488467914007 8.149264 1.7369933 0.92296475
1488467914337 8.521563 0.5638345 -1.5520413
1488467914783 8.577228 0.84575176 0.4973954
1488467915259 8.304887 1.489792 0.2861071
1488467915636 10.693104 0.8810662 -1.6196774
1488467916046 7.9942393 0.17597382 0.032920275
1488467916509 9.907805 -0.11133038 -0.18255788
1488467916934 13.732542 1.9117701 -0.19093758
1488467917321 8.798691 0.83617496 -1.3928268
1488467917700 11.560403 -1.0779893 -0.1945289
1488467918101 12.095507 1.929128 -2.0697873
1488467918581 12.099697 0.9020155 0.14604631
1488467918980 8.980651 0.7410054 -0.27712885
1488467919304 11.0857525 1.5424645 2.5809495
1488467919718 11.934497 1.4329298 -0.45789108
1488467920046 7.6800003 0.7116765 -0.7505822
1488467920441 12.368446 1.0588357 2.6539726
1488467920913 11.326369 0.8690952 -1.3443443
1488467921308 8.027759 0.38845924 -1.2623428
1488467921857 7.6249337 0.11971009 -0.9720459
1488467922281 7.77936 0.35194764 -0.45310268
1488467922710 10.411784 0.94092125 1.477821
1488467923229 13.786412 0.48841715 -0.21428105
1488467923605 9.27394 -0.29568392 -0.12808979
1488467923985 9.070433 0.5614403 0.7110779
1488467924367 12.659342 -0.41718966 -1.2419921
1488467924763 7.9930425 -0.0017956513 -0.97982705
1488467925129 9.871294 0.50637364 -0.51834464
1488467925460 12.361862 0.58538234 0.5566519
1488467926021 10.505757 0.30526072 -0.6404489
1488467926382 8.2354555 0.599149 0.9756372
1488467926727 13.14297 0.06823475 0.8295909
1488467927091 7.4842744 1.4443022 0.034117375
1488467927602 7.195773 0.83258367 -0.17357962
1488467928014 6.6983776 2.3421278 0.6919243
1488467928431 11.7681 2.2140381 -2.653374
1488467928811 7.841609 0.90859956 -1.2844892
1488467929178 10.320805 -1.0163386 0.80086046
1488467929683 14.038402 0.6560113 3.7582982
1488467930016 8.555679 -0.2741361 -0.20111294
1488467930418 12.035053 -1.9111716 2.8179753
1488467930795 9.733627 0.078410104 -0.12629414
1488467931189 11.748946 0.8678981 0.39683893
1488467931586 8.799889 0.96785605 -1.115698
1488467931918 9.226056 -0.41958386 0.75956047
1488467932265 10.934917 0.27952304 -0.9576807
1488467932699 6.2339025 0.18495208 -0.7673417
1488467933161 8.758589 -0.026934769 1.0061632
1488467933627 12.045229 0.90740246 1.5101427
1488467933972 8.285135 0.18136078 -1.2773066
1488467934361 7.6093717 -0.14544775 -0.22565351
1488467934822 10.137649 0.18016368 0.587178
1488467935263 13.019071 0.38067806 -0.48961425
1488467935701 10.625467 -0.17956513 -0.92535895
1488467936098 6.8450227 0.66858083 -0.31184477
1488467936564 9.165603 -0.96785605 0.7164649
1488467936911 12.368446 0.35254622 -1.1240777
1488467937310 7.9822683 0.6979098 -0.75716627
1488467937751 7.726089 0.18614918 -1.8962077
1488467938155 8.330027 1.8860323 -0.6374562
1488467938511 12.014104 -0.2669535 -0.08619126
1488467938906 9.045294 -0.11731588 -0.4213795
1488467939273 8.355764 1.7369933 -0.97743285
1488467939794 9.124901 0.44831428 0.75237787
1488467940253 11.850699 1.3335704 -1.0049661
1488467940698 11.984177 -0.60693014 -0.7332243
1488467941067 7.3106947 0.61530983 -0.44951138
1488467941476 10.134057 0.866701 0.44113165
1488467941961 11.277288 -0.5955577 0.741604
1488467942399 11.815984 -0.23882163 -0.4842273
1488467942980 11.968016 0.034117375 -0.18255788
1488467943341 8.06427 0.23283611 -0.1921347
1488467943705 8.900445 0.76075757 0.63206923
1488467944039 11.812991 0.18555063 0.2184709
1488467944386 7.727286 -0.15682021 0.5093664
1488467944869 9.0716305 0.1340753 0.9792285
1488467945309 14.71237 -1.204882 1.3988123
1488467945712 9.474455 -0.6919243 -1.6352397
1488467946123 6.5607114 -0.24600422 -0.7541735
1488467946499 11.077971 -0.46567222 0.19632454
1488467946896 11.279084 0.05925649 -0.664391
1488467947349 7.6967597 -0.12270284 -1.0067618
1488467947788 7.807492 -0.36870706 -0.33279404
1488467948149 13.048998 0.7332243 1.3449428
1488467948578 8.380903 0.38486794 1.2366052
