1488467852382 0.11321211 -0.14302593 0.38157463
1488467852828 0.10268879 -0.42791373 0.3970766
1488467853340 0.17490005 -0.32734147 0.30042744
1488467853838 -0.08289838 -0.28667295 0.084412575
1488467854399 -0.07877898 -0.56757367 0.34092712
1488467854915 0.0035114288 -0.5091085 0.34373474
1488467855358 -0.076714516 -0.602803 0.4897194
1488467855881 -0.1293068 -0.53701484 0.41006947
1488467856451 -0.09448695 -0.5654143 0.5149269
1488467856897 0.026313543 -0.44599417 0.47030926
1488467857362 -0.03851056 -0.43134692 0.36280632
1488467857790 0.0780735 -0.37043053 0.5555506
1488467858254 -0.0753324 -0.28084144 0.14978695
1488467858704 -0.055235147 -0.25038216 0.42154884
1488467859123 -0.034986496 -0.30232716 0.5140686
1488467859618 0.09379578 -0.10454773 0.34910774
1488467860086 0.042815685 -0.19435427 0.26669693
1488467860670 0.067457914 -0.12670769 0.5374203
1488467861146 0.08309436 -0.20428325 0.40387917
1488467861545 0.22815037 -0.84777385 0.4978695
1488467862003 1.4489899 0.10391712 0.8560562
1488467862503 -1.9157953 0.65765 0.31599832
1488467863048 0.69726944 -0.10804999 0.52482057
1488467863587 -0.26253414 0.6312798 -0.1762498
1488467864034 -0.5185404 0.022225857 -0.41453594
1488467864475 0.20636845 -0.07550037 -1.0294815
1488467864899 1.2194586 0.34276745 -0.24059449
1488467865326 -0.7375326 0.50193363 -0.5505016
1488467865774 -0.40179443 0.5587816 0.34000993
1488467866182 2.5288057 0.5544386 -0.7140257
1488467866679 0.30952454 0.79685813 0.2840432
1488467867048 1.6293011 -0.820858 0.9519893
1488467867525 0.7428217 0.66567135 1.553951
1488467867935 0.9874697 0.06653863 0.26646775
1488467868371 -1.2776117 -0.14487997 -0.41062784
1488467868794 -0.56985474 0.73596466 0.09484631
1488467869225 1.3632507 0.24872813 -0.26320612
1488467869726 0.24901295 -0.6167846 -0.6202508
1488467870206 -1.3158646 -0.111735016 -0.11541855
1488467870672 -0.39063835 -0.16978286 0.5410358
1488467871096 2.8164406 0.41043448 0.20907354
1488467871543 0.048989296 -0.14624241 -0.6342629
1488467871922 -1.7858353 0.3574905 -1.2296704
1488467872338 2.1530666 -0.36226153 1.9078648
1488467872782 1.1668797 -0.49256214 0.2581985
1488467873128 -1.3415012 0.36546338 -0.7372289
1488467873546 1.6739588 -0.75169927 2.327012
1488467873997 1.6251583 0.63388276 0.55193484
1488467874651 -0.81446266 -0.23931229 -0.8574539
1488467875522 -1.8958864 0.4773478 -1.5559261
1488467876150 -1.1271458 -0.10850026 -0.86390287
1488467876551 -0.12414646 -1.1142684 0.13329029
1488467876968 2.3270721 -0.2523504 -0.58902913
1488467877420 0.70581627 -0.04595716 -1.2373762
1488467877864 -0.82009315 0.026737787 -1.0487049
1488467878387 -1.9323897 0.13112229 -0.76690555
1488467878806 -1.212348 0.3327854 -1.1903654
1488467879196 0.387599 -0.30664474 -1.3539562
1488467879669 -1.458189 -0.14144407 -1.0878263
1488467880198 -0.21038723 0.052499704 -1.2988551
1488467880567 0.04393387 0.008975908 1.9252573
1488467880962 1.276783 0.27684155 0.2524445
1488467881300 -1.0991554 0.48301354 -0.16703063
1488467881794 -1.3367357 0.15011165 -0.30509883
1488467882175 1.6135349 0.29077977 0.19234633
1488467882649 0.31786823 0.70628744 -1.4880157
1488467883064 -0.7739477 1.0940435 -0.83183897
1488467883444 2.0980234 0.099773794 0.20601416
1488467883807 -1.3609276 0.036784545 -0.47807518
1488467884153 3.1773663 0.10098463 2.1302998
1488467884539 -1.1660042 0.37539107 -1.6361978
1488467884868 0.9182539 -0.79999155 2.6595933
1488467885252 0.7897787 1.0163428 -1.7839557
1488467885728 0.47909355 -0.03720483 -0.8486311
1488467886174 -1.3698711 -0.12352672 -1.8479736
1488467886586 -0.49317932 -0.16239712 1.4824632
1488467887003 2.3435545 -0.6982976 0.49551737
1488467887427 1.5149937 0.08200067 -1.0792553
1488467887958 0.006942749 0.61291593 -1.2767799
1488467888393 -2.118352 -0.14365357 0.2972107
1488467888787 0.051495552 0.4176178 -0.0150514245
1488467889179 3.2240868 0.18384352 0.8787615
1488467889563 -0.008214951 0.30977088 0.034689605
1488467889908 -1.0658178 -0.07890172 0.5697686
1488467890239 -0.022310257 -0.9912781 -0.6319641
1488467890870 2.1929054 0.2139174 0.049486786
1488467891269 -1.6656075 0.06984252 -1.0794361
1488467891763 0.4019413 0.45601046 0.26847738
1488467892129 2.553237 -0.03169512 0.81541216
1488467892490 -1.0827131 0.1765059 -0.9160154
1488467892882 -3.0664406 -0.5751868 0.98154503
1488467893294 1.418581 -0.6120169 0.51860654
1488467893644 -1.2273016 0.0045773983 0.19682014
1488467894015 0.86308 -1.316738 0.04344046
1488467894464 1.3449659 1.1626525 1.1706957
1488467894958 0.66869164 0.037073016 -1.8872209
1488467895747 1.8112593 -1.3139237 0.34273204
1488467896142 -1.0538063 -0.2917977 0.011577666
1488467896552 -1.8159075 -0.62795794 1.6726198
1488467896991 1.7082968 -0.79753107 0.3441133
1488467897383 -1.591589 0.36940497 -0.81445473
1488467897795 -2.464497 -1.9645296 1.3332629
1488467898141 0.531847 -0.109971344 -0.75038695
1488467898489 -0.42984962 0.38810295 0.40420565
1488467898960 2.6175632 -0.6140169 0.015984923
1488467899297 -0.7685909 0.097568214 -1.0889672
1488467899646 0.075273514 0.34821033 1.4870892
1488467900028 0.6107893 -0.18171614 -1.1052128
1488467900435 -0.7885637 0.21176994 -0.16094816
1488467900820 0.63863754 0.68373644 1.5485885
1488467901245 1.8996401 0.26545975 0.14478076
1488467901633 -0.38595486 -0.0032923222 -0.061977446
1488467902017 0.4083109 0.21012071 1.1699493
1488467902624 -1.0383329 0.6535852 -0.41825637
1488467903202 -0.84247875 0.3777128 0.6197329
1488467903644 2.952444 -0.33743456 2.1054685
1488467904045 1.1791143 -0.0117699355 -0.60754156
1488467904529 -0.96820545 -0.54519117 -0.22137013
1488467904957 -1.4127321 0.37016952 -0.8746978
1488467905382 0.3582182 0.26881668 0.57111996
1488467905784 2.756815 0.17109685 -0.5450322
1488467906162 -0.29859734 -0.011851758 0.47486907
1488467906787 -0.6963749 -0.041835964 -0.77886665
1488467907155 -0.9114742 -0.2387234 1.8335073
1488467907696 0.059493065 0.41066226 0.19576162
1488467908022 1.0802641 -0.18725759 0.1109557
1488467908354 -1.572341 0.4008201 -0.3594494
1488467908764 0.010205269 -0.17373013 0.06742752
1488467909121 0.52657986 -0.22481003 -0.7204057
1488467909592 -1.0980396 0.44508237 -1.0106518
1488467909979 1.6191092 0.46453136 0.2949889
1488467910401 2.3004313 -0.5014453 -0.33323655
1488467910847 0.3419838 -0.42228153 -1.5459926
1488467911292 -1.582901 -0.2852005 -0.6172878
1488467911948 1.2559242 -0.27555913 -0.3599293
1488467912376 -1.2418175 0.4806293 0.72493166
1488467912813 -0.68577576 0.37181264 1.711438
1488467913220 1.3300915 -0.5918946 -0.87472475
1488467913652 -1.7364407 0.027632535 0.0742594
1488467914007 -1.6178226 0.86308515 1.0264509
1488467914337 -1.2520571 0.080901474 -0.9089842
1488467914783 -1.1628923 -0.26817703 0.74158
1488467915259 -1.4175663 0.30019784 0.7648422
1488467915636 0.9821472 -0.17494643 -0.7521715
1488467916046 -1.7246766 -0.92611367 0.7389573
1488467916509 0.12241745 -0.6927768 0.09760347
1488467916934 3.9649172 1.1389351 0.2172598
1488467917321 -0.93688583 0.1278984 -0.45086038
1488467917700 1.7579613 -1.2192256 0.05562134
1488467918101 2.3501482 1.1860976 -1.2658587
1488467918581 2.3653908 -0.103556454 0.7804595
1488467918980 -0.7664566 -0.32056177 -0.47043902
1488467919304 1.3592949 0.29315937 2.5056047
1488467919718 2.222293 0.21581256 0.14388356
1488467920046 -2.0874147 -0.12382364 -1.0150936
1488467920441 2.596528 0.24099314 2.5483203
1488467920913 1.5532951 0.13709319 -0.9956156
1488467921308 -1.7774324 0.25651115 -1.3682085
1488467921857 -2.175446 -0.16274405 -0.7642174
1488467922281 -2.0097866 0.42349926 -1.0344108
1488467922710 0.6425142 0.37290055 0.838191
1488467923229 3.9868479 0.1339134 -0.32947278
1488467923605 -0.50702 -0.41560838 -0.8272493
1488467923985 -0.7328272 0.31094137 0.649951
1488467924367 2.8550482 -0.5300246 -1.0590671
1488467924763 -1.7924447 -0.5090645 -0.58317864
1488467925129 0.08503342 0.046742737 -0.08445695
1488467925460 2.581603 -0.091839194 0.79812783
1488467926021 0.7154751 -0.21106881 -0.8731237
1488467926382 -1.550519 -0.015169799 0.80915487
1488467926727 3.3555202 -0.529981 0.6941584
1488467927091 -2.274325 0.56671417 -0.37817046
1488467927602 -2.5625792 -0.13928455 -0.15351415
1488467928014 -2.9555407 0.7162472 0.118542194
1488467928431 2.0441036 0.99222696 -2.304858
1488467928811 -1.9252329 0.067047894 -1.0180541
1488467929178 0.519804 -1.3005071 0.62748426
1488467929683 4.2407217 0.24390551 3.680587
1488467930016 -1.2504368 -0.35751814 -0.14157061
1488467930418 2.2585258 -1.5471702 2.141646
1488467930795 0.008928299 0.605 -1.2766516
1488467931189 1.9500751 0.4804726 0.3478367
1488467931586 -1.0005121 0.76095724 -0.833359
1488467931918 -0.5739298 -0.20752077 1.0523314
1488467932265 1.1524477 0.17149433 -0.27797848
1488467932699 -3.5598388 -0.018430859 -0.30728436
1488467933161 -1.0457706 0.16064736 1.1048405
1488467933627 2.249383 0.5791162 1.8326831
1488467933972 -1.5213757 0.23331222 -1.2718143
1488467934361 -2.1963096 -0.2817226 -0.2465981
1488467934822 0.33367825 -0.048269525 0.56743956
1488467935263 3.2343283 -0.27368546 -0.5217723
1488467935701 0.8319645 -0.67899084 -0.8343419
1488467936098 -2.941753 0.06678367 -0.14669278
1488467936564 -0.6368532 -1.1847798 0.52887017
1488467936911 2.5853844 -0.0014580786 -0.5437357
1488467937310 -1.7936192 0.0071615577 -0.403214
1488467937751 -2.075914 0.18060002 -2.1979988
1488467938155 -1.4616365 1.3717363 -0.8084999
1488467938511 2.2149534 -0.60617405 0.092593245
1488467938906 -0.75744915 -0.2617463 -0.6575746
1488467939273 -1.4422684 1.3295833 -1.0320762
1488467939794 -0.6787243 0.20955871 0.70393795
1488467940253 2.0533457 1.013938 -0.72189856
1488467940698 2.1803303 -0.54072046 -0.5082918
1488467941067 -2.4833927 0.51430535 -0.93533766
1488467941476 0.3380022 0.54946375 0.11392856
1488467941961 1.4728365 -0.47894907 0.56974196
1488467942399 2.0182533 -0.63839203 -0.36077628
1488467942980 2.162159 -0.06638269 -0.25653234
1488467943341 -1.7371874 0.3279609 -0.49673343
1488467943705 -0.8923893 0.31940845 0.35637888
1488467944039 2.0093212 0.14257365 -0.019432142
1488467944386 -2.068005 0.18768471 0.18689999
1488467944869 -0.73110485 0.3821078 1.1027935
1488467945309 4.925991 -0.72628605 1.808846
1488467945712 -0.32623768 -0.5573612 -1.3210454
1488467946123 -3.241634 -0.058679283 -0.53204966
1488467946499 1.2818279 -0.017435998 0.12540947
1488467946896 1.4842091 -0.03547113 -0.19338411
1488467947349 -2.1052852 0.16555735 -1.0916867
1488467947788 -1.9917922 -0.041620016 -0.5262778
1488467948149 3.247816 0.40889907 1.2993721
1488467948578 -1.4172764 0.2788652 0.84310883
