14663
14133
14320
14342
14537
14534
12164
13804
14546
14584
14725
14635
14550
14593
14572
14464
14280
14200
14494
11579
11946
6901
10007
11656
12158
12371
11427
12188
11862
11230
11840
11549
11472
11090
11039
10782
11375
11390
11891
11435
11536
11492
11668
9306
10623
11308
10609
10232
11282
11673
11550
10936
11276
11723
11689
12398
10800
12687
13533
12888
12992
12972
13777
14101
9617
10804
12380
10962
12139
12384
13229
11338
10802
13223
13047
11574
11391
11199
11684
12676
12864
12257
12054
9777
12352
10545
10887
10881
9605
10786
8897
8815
10932
10390
8196
11879
10721
11906
12235
11166
12058
9659
11618
12127
12327
11999
11953
12453
12232
11756
11268
12704
13068
13022
11934
11081
11879
12980
10256
12157
12360
11599
11861
11208
12171
11877
12504
11351
11334
10500
11314
10135
12136
12419
12808
11786
11597
11764
11752
10306
11382
11278
10760
11363
10305
11500
11515
11500
11355
10426
10853
12441
11762
11013
12604
12836
13190
12696
12819
11870
12332
11135
12271
12343
11910
12697
12185
11635
11995
12308
9988
12197
12464
12339
11317
13040
12297
11865
10156
7950
11259
12209
12141
12113
12117
11568
12010
9227
10383
11517
11329
11731
12580
11787
11336
12517
11177
11698
9260
9890
11718
9900
11457
11117
10899
12247
11872
10207
10995
10708
12487
12345
12802
11818
10900
10058
10849
11596
10164
9326
11577
11450
9627
12030
