1493818386218 -0.14709975 6.972528 6.7077484
1493818386422 -0.2157463 7.001948 6.8548484
1493818386610 -0.30400613 7.0411744 6.697942
1493818386812 -0.30400613 7.050981 6.8842683
1493818387008 -0.22555295 7.0117545 6.943108
1493818387220 -0.3138128 6.943108 6.825428
1493818387409 -0.28439283 6.8450418 6.4233556
1493818387616 -0.14709975 6.9333014 7.080401
1493818387817 -0.4118793 7.0117545 6.8450418
1493818388019 -0.22555295 6.9333014 7.001948
1493818388217 -0.46091253 7.0117545 7.100014
1493818388418 -0.098066494 6.9627213 6.9529147
1493818388619 0.78453195 6.4233556 8.884825
1493818388812 1.5984839 6.266449 7.6295733
1493818389020 1.2552512 6.7371683 7.0117545
1493818389214 0.9414384 7.5511203 5.9722495
1493818389426 1.5004175 6.8548484 9.080957
1493818389615 1.6475172 6.492002 6.5998755
1493818389822 1.5592573 7.001948 4.6679654
1493818390020 4.059953 6.8744617 10.542149
1493818390229 1.8338435 5.6682434 8.247393
1493818390420 1.4219642 5.6388235 8.423912
1493818390630 3.1381278 5.776117 7.4432473
1493818390847 2.8145084 5.5015306 7.2863407
1493818391045 5.325011 6.0703163 4.991585
1493818391226 4.2658925 4.8052583 7.58054
1493818391424 4.726805 5.3348174 7.678607
1493818391622 5.982056 3.697107 4.9719715
1493818391828 7.1294346 3.4225209 6.9627213
1493818392028 6.1683826 1.9613299 7.8453197
1493818392239 6.3252892 4.020726 6.158576
1493818392441 7.3157606 2.2751427 5.9232163
1493818392632 7.394214 1.9711366 7.0705943
1493818392844 8.041452 1.6573238 5.991863
1493818393039 7.3746004 2.3045628 6.2566423
1493818393233 7.394214 1.2944778 6.207609
1493818393443 6.9921412 1.5102241 6.717555
1493818393632 7.3451805 1.5298374 6.266449
1493818393843 7.4628606 1.6867437 6.9038815
1493818394044 7.256921 1.5200307 6.1389627
1493818394244 7.1882744 1.2944778 6.3449025
1493818394438 7.149048 1.9221034 6.580262
1493818394631 6.9038815 1.8240368 6.9823346
1493818394840 6.8058147 1.6671305 7.0902076
1493818395033 6.609682 1.6377105 6.4233556
1493818395241 6.688135 2.3928225 6.413549
1493818395436 7.423634 2.6281822 7.001948
1493818395644 6.639102 2.4712758 7.2176943
1493818395838 6.9627213 2.3830159 6.8548484
1493818396040 7.1882744 1.8338435 7.0411744
1493818396242 7.0117545 1.8044236 6.237029
1493818396446 6.972528 1.706357 6.5116153
1493818396643 7.198081 2.1770763 6.6783285
1493818396848 7.001948 2.2359161 6.590069
1493818397044 6.9627213 2.2457228 6.7273617
1493818397250 7.119628 2.265336 6.8450418
1493818397458 7.0411744 2.0299766 6.6292953
1493818397652 7.1882744 2.1378496 6.305676
1493818397853 7.198081 2.1084297 6.609682
1493818398055 7.109821 1.7946169 6.3743224
1493818398254 7.1294346 2.1182363 6.187996
1493818398458 7.2373075 2.0201697 6.364516
1493818398651 7.1588545 1.9515233 6.609682
1493818398844 7.227501 1.8926834 6.492002
1493818399054 7.2373075 1.8730701 6.521422
1493818399246 7.198081 1.7553903 6.462582
1493818399456 7.2176943 1.8338435 6.433162
1493818399649 7.256921 1.8044236 6.541035
1493818399857 7.168661 1.7946169 6.442969
1493818400050 7.2078876 1.8730701 6.4723887
1493818400249 7.198081 1.7455837 6.4723887
1493818400454 7.2176943 1.8632635 6.5312285
1493818400651 7.227501 1.7946169 6.3154826
1493818400858 7.1882744 1.7946169 6.5018086
1493818401052 7.227501 1.7259704 6.5018086
1493818401258 7.1882744 1.7946169 6.4527755
1493818401454 7.2373075 1.7848103 6.384129
1493818401709 7.198081 1.8730701 6.5018086
1493818401857 7.119628 1.8044236 6.609682
1493818402056 7.0902076 1.8436501 6.4037423
1493818402259 7.276534 1.7848103 6.521422
1493818402459 7.168661 1.7946169 6.580262
1493818402672 7.1588545 1.8338435 6.4037423
1493818402861 7.1882744 1.7161638 6.492002
1493818403063 7.2863407 1.7161638 6.5312285
1493818403259 7.3157606 1.5886773 6.492002
1493818403462 7.305954 1.6965504 6.4233556
1493818403666 7.2373075 1.5984839 6.3449025
1493818403882 7.335374 1.6377105 6.5018086
1493818404062 7.2373075 1.5592573 6.442969
1493818404269 7.2373075 1.5494506 6.521422
1493818404473 7.2863407 1.5200307 6.4037423
1493818404670 7.168661 1.5886773 6.541035
1493818404875 7.2373075 1.5984839 6.462582
1493818405082 7.227501 1.6082906 6.5018086
1493818405279 6.9627213 2.3437893 6.1193495
1493818405484 5.85457 3.3931007 7.021561
1493818405682 5.658437 4.0109196 6.4527755
1493818405873 6.4233556 3.7657535 6.1683826
1493818406084 5.9428296 4.6679654 6.4233556
1493818406281 7.2176943 2.7556686 5.7270837
1493818406485 8.296426 2.2163029 6.4037423
1493818406678 6.1781893 2.8929617 5.7565036
1493818406874 9.669356 2.5595355 2.8047018
1493818407087 8.580818 4.530672 4.6385455
1493818407279 9.747809 2.941995 4.7954516
1493818407486 4.844485 -0.19613299 7.247114
1493818407677 6.5116153 3.1871612 4.8052583
1493818407888 8.816178 0.93163174 6.266449
1493818408080 5.6094036 2.2064962 7.4922805
1493818408285 6.894075 0.5491724 4.001113
1493818408486 15.367021 -0.0588399 1.3042845
1493818408677 13.719503 0.75511205 -0.2157463
1493818408883 6.668522 -1.4317709 3.7167203
1493818409086 10.159689 -7.1294346 -4.256086
1493818409285 8.472945 -3.697107 1.3337044
1493818409483 6.3252892 -4.481639 0.93163174
1493818409699 8.698499 -4.020726 2.2359161
1493818409882 14.464808 -0.74530536 -3.2558076
1493818410088 7.737447 -0.3334261 -1.3238977
1493818410298 9.845877 1.5984839 0.3138128
1493818410489 10.228335 1.0885382 0.8139519
1493818410687 8.806372 1.0002782 -0.1569064
1493818410891 11.4247465 -0.049033247 1.2454445
1493818411086 12.052373 1.9417167 -0.6472389
1493818411300 6.217416 1.0591182 0.51975244
1493818411490 12.170053 3.0596747 0.8531785
1493818411704 8.237586 1.2160245 0.4511059
1493818411893 8.708305 -0.4511059 1.2258313
1493818412098 14.415775 -0.46091253 0.4314926
1493818412292 7.963 0.38245934 -0.2353596
1493818412488 9.443804 0.75511205 -0.14709975
1493818412696 10.071429 0.9904716 0.3138128
1493818412890 6.825428 -0.5491724 0.4118793
1493818413098 11.983726 0.0392266 -0.8041453
1493818413301 10.208722 2.2163029 -1.0296983
1493818413502 6.00167 0.8041453 0.2157463
1493818413695 12.395605 1.5592573 0.1569064
1493818413911 9.335931 0.18632634 -0.92182505
1493818414124 10.022396 -0.57859236 -0.0784532
1493818414301 14.533455 0.17651969 -1.0885382
1493818414496 7.404021 0.37265268 -0.37265268
1493818414701 11.091321 -0.39226598 -0.44129923
1493818414899 9.60071 1.0296983 1.4121575
1493818415101 8.061066 -0.7256921 0.0196133
1493818415300 13.268397 -0.93163174 -1.9417167
1493818415499 9.022118 0.6766588 -1.8926834
1493818415701 8.061066 -0.5099458 -1.5788707
1493818415925 12.170053 0.10787315 -1.4611908
1493818416104 7.3255672 -0.588399 0.5295591
1493818416304 10.395049 -2.186883 -0.5099458
1493818416522 11.463974 1.0983448 -0.4511059
1493818416713 6.7273617 0.0588399 -0.2745862
1493818416923 12.4642515 1.0689248 -0.1372931
1493818417115 9.414384 0.588399 0.32361946
1493818417309 8.472945 -0.75511205 0.6668522
1493818417518 13.6900835 0.0784532 -1.2062179
1493818417713 8.090487 0.098066494 -0.97085834
1493818417923 9.708583 -0.24516624 0.10787315
1493818418113 11.640493 -0.00980665 0.0
1493818418327 6.6292953 -0.36284605 0.5393657
1493818418515 11.59146 -0.61781895 -0.098066494
1493818418727 9.522257 1.6867437 -1.0983448
1493818418920 7.4628606 -0.00980665 -0.049033247
1493818419120 13.454723 -0.06864655 -0.69627213
1493818419332 7.5511203 -0.12748645 0.02941995
1493818419518 11.189387 -1.4023509 -0.6668522
1493818419721 11.454167 0.5295591 -0.40207264
1493818419919 5.903603 -0.6374322 0.17651969
1493818420124 12.356379 -0.2157463 -0.951245
1493818420333 10.9442215 0.951245 0.951245
1493818420515 6.9921412 -2.2261095 1.5592573
1493818420722 12.6505785 -0.42168593 5.4819174
1493818420916 7.894353 -1.539644 4.2658925
1493818421125 5.8447633 -3.3538742 6.2468357
1493818421319 8.188553 -2.520309 7.001948
1493818421526 3.0694814 -3.8147867 5.746697
1493818421732 2.4222424 -4.903325 11.6110735
1493818421932 3.89324 -2.1084297 9.198637
1493818422133 2.5497289 -3.6088471 5.3544307
1493818422347 10.473502 -2.098623 7.737447
1493818422536 7.531507 -2.5791488 2.6281822
1493818422734 8.943665 -3.0694814 1.3337044
1493818422925 12.984004 -0.42168593 0.61781895
1493818423135 6.835235 -0.5982056 -0.0392266
1493818423330 11.091321 -0.088259846 0.12748645
1493818423536 9.620323 0.18632634 0.37265268
1493818423727 8.227779 -1.372931 -0.74530536
1493818423934 14.494228 -1.1669914 0.35303938
1493818424130 7.75706 -0.6766588 -0.22555295
1493818424342 9.787037 -1.2454445 0.00980665
1493818424532 12.111213 0.2745862 0.18632634
1493818424730 9.649743 2.853735 -6.4527755
1493818424936 14.121575 -1.1277647 -1.8730701
1493818425139 10.493115 0.2745862 -0.8531785
1493818425335 5.9722495 -2.0201697 1.3337044
1493818425532 13.533176 0.4707192 1.0689248
1493818425745 8.267006 -1.7553903 -0.5491724
1493818425936 10.346016 -1.7553903 -0.3138128
1493818426137 13.072264 0.17651969 -1.2748644
1493818426335 6.0899296 -1.2552512 2.0495899
1493818426538 11.130548 -0.6472389 3.304841
1493818426738 6.8744617 -0.74530536 6.099736
1493818426935 7.021561 -1.735777 3.275421
1493818427143 11.150161 -2.2457228 4.3345394
1493818427337 7.963 -1.372931 0.55897903
1493818427541 9.590903 -1.6475172 -1.0983448
1493818427745 11.012868 -0.88259846 0.83356524
1493818427941 7.453054 -0.8139519 -0.2745862
1493818428143 10.355823 -0.37265268 1.1669914
1493818428343 10.120462 0.56878567 0.8727918
1493818428548 8.404299 -1.0689248 1.5788707
1493818428747 15.739673 2.3045628 -0.55897903
1493818428953 7.031368 -0.098066494 1.0983448
1493818429163 12.356379 -1.4121575 1.0002782
1493818429355 11.395327 1.5886773 0.56878567
1493818429565 6.923495 -0.9022118 0.39226598
1493818429762 14.602101 0.69627213 -1.0002782
1493818429952 8.933858 0.1176798 0.6276256
1493818430163 7.6001534 -1.0689248 -1.0787314
1493818430355 15.102241 -0.37265268 -0.42168593
1493818430565 6.688135 -0.12748645 -0.2157463
1493818430762 11.669913 0.5393657 -0.55897903
1493818430951 10.630408 1.4709975 0.9904716
1493818431163 6.580262 -0.97085834 -0.32361946
1493818431351 13.84699 -0.0392266 -0.70607877
1493818431566 9.100571 0.71588546 -0.7354987
1493818431759 9.022118 -0.5982056 -0.0196133
1493818431966 12.6505785 -0.8237586 0.1569064
1493818432155 6.6783285 -0.2549729 0.5001391
1493818432365 10.748088 -1.1866046 0.83356524
1493818432557 13.003617 0.4511059 -1.0983448
1493818432755 5.7368903 -0.57859236 0.10787315
1493818432961 13.121298 2.6379888 -0.8727918
1493818433169 8.3846855 -0.0588399 0.0588399
1493818433367 9.375157 -0.24516624 -0.9904716
1493818433569 14.043122 0.088259846 -1.343511
1493818433764 6.109543 0.10787315 -0.14709975
1493818433973 11.660107 0.5001391 -0.9904716
1493818434165 10.130269 1.8044236 0.89240515
1493818434374 6.5704556 -0.40207264 -0.7747253
1493818434568 13.827376 0.2941995 -0.2745862
1493818434776 9.551677 1.2160245 -0.89240515
1493818434971 8.002226 -0.30400613 0.4314926
1493818435179 12.925164 0.4314926 -0.8629852
1493818435370 6.8450418 -0.98066497 -0.17651969
1493818435569 10.924608 -0.34323275 0.3334261
1493818435775 11.38552 2.9027684 -1.2356379
1493818435974 5.991863 -0.36284605 0.39226598
1493818436176 12.562319 1.0493115 0.8629852
1493818436374 8.835792 -0.2353596 1.1277647
1493818436586 9.738003 -0.83356524 -1.1375713
1493818436778 14.945334 0.56878567 -1.90249
1493818436970 5.374044 0.098066494 -0.38245934
1493818437174 11.669913 0.69627213 -0.24516624
1493818437370 11.405133 1.7553903 1.5102241
1493818437586 8.051259 -1.6475172 -0.4707192
1493818437773 12.738838 -0.35303938 0.14709975
1493818437985 7.60996 -0.14709975 1.3533176
1493818438178 7.0117545 -2.3143694 2.5889556
1493818438381 11.660107 -3.9128532 4.6385455
1493818438576 6.237029 -3.108708 4.7169986
1493818438780 7.4922805 -4.2953124 6.746975
1493818438976 8.355266 -1.8338435 6.3743224
1493818439205 5.266171 -3.86382 4.2658925
1493818439378 5.2465577 -4.5208654 8.639658
1493818439582 3.5205872 -3.0596747 8.080679
1493818439796 6.2860627 -4.2070527 4.5698986
1493818439985 11.993532 -2.1476562 3.2852278
1493818440180 9.708583 0.8727918 -0.049033247
1493818440386 9.267284 -0.69627213 0.48052585
1493818440581 12.2779255 -0.9120184 0.84337187
1493818440784 7.8453197 -1.4611908 -0.2549729
1493818441004 11.954306 -1.0787314 1.1179581
1493818441210 10.130269 0.5001391 1.4121575
1493818441405 7.227501 -0.97085834 0.57859236
1493818441607 10.777508 -0.1176798 1.0885382
1493818441794 9.365351 -0.0784532 0.42168593
1493818442002 9.0515375 -0.35303938 -0.26477954
1493818442195 10.326403 -0.69627213 0.6472389
1493818442401 9.885103 0.92182505 1.2258313
1493818442593 9.355544 -0.4118793 1.0983448
1493818442803 9.698776 -0.6374322 1.4023509
1493818442995 9.60071 -1.3533176 1.4611908
1493818443196 9.943943 -0.97085834 2.3634026
1493818443400 9.267284 -0.2745862 3.7461402
1493818443594 9.7183895 0.60801226 2.9616082
1493818443802 9.9047165 0.6668522 1.7553903
1493818444000 10.130269 0.42168593 1.3631244
1493818444207 9.63013 -0.26477954 1.7553903
1493818444399 10.797121 -1.0885382 1.6475172
1493818444604 8.590625 -1.0885382 0.69627213
1493818444805 9.316318 -2.0299766 0.70607877
1493818444998 11.59146 -0.0784532 1.9417167
1493818445209 8.512172 -1.8142302 1.9515233
1493818445396 9.747809 -2.608569 1.4121575
1493818445608 11.836626 -0.088259846 1.93191
1493818445810 6.894075 -1.1277647 0.22555295
1493818446010 11.836626 -1.4219642 1.2160245
1493818446215 8.541592 -0.7354987 1.7455837
1493818446423 9.473224 -1.2160245 0.12748645
1493818446615 14.003896 -0.5491724 0.9120184
1493818446810 6.8548484 -0.84337187 -0.098066494
1493818447017 11.012868 -1.0395049 0.00980665
1493818447212 9.492837 -0.0784532 2.4124358
1493818447405 7.806093 -0.4314926 -0.12748645
1493818447614 14.327516 0.9120184 1.1179581
1493818447805 7.8551264 -1.0002782 -0.83356524
1493818448015 10.100849 -0.8041453 0.22555295
1493818448211 9.267284 0.951245 0.7256921
1493818448417 7.78648 -1.5494506 -0.5491724
1493818448609 12.866324 0.02941995 -0.36284605
1493818448818 10.189109 0.6472389 -0.5982056
1493818449011 6.825428 -0.40207264 -0.30400613
1493818449211 14.327516 -0.84337187 0.0196133
1493818449415 6.913688 -1.5298374 0.83356524
1493818449614 11.071708 -1.1277647 0.0196133
1493818449817 11.218807 1.0885382 -0.5982056
1493818450018 5.4721107 -1.4317709 1.5200307
1493818450219 11.375713 0.0 4.481639
1493818450413 7.8257065 -1.7848103 3.1773546
1493818450615 9.031924 -2.9223816 4.4620256
1493818450818 10.826541 0.1176798 2.6968286
1493818451014 6.9627213 -1.3533176 1.4219642
1493818451224 12.189666 -1.5690639 2.3143694
1493818451422 6.9627213 -0.6276256 1.2356379
1493818451622 7.913966 -2.0495899 1.7161638
1493818451818 14.553068 0.24516624 2.294756
1493818452020 6.9823346 -1.4808041 1.706357
1493818452243 11.218807 -1.0493115 2.0397832
1493818452436 11.503201 0.56878567 4.3149257
1493818452620 7.5511203 -1.3925443 1.2258313
1493818452842 10.444082 0.5982056 3.89324
1493818453029 8.973084 -0.5295591 3.1577413
1493818453243 9.590903 -2.4516625 3.7559469
1493818453435 12.523091 1.3042845 4.285506
1493818453642 8.090487 -0.6668522 1.372931
1493818453838 10.679441 0.1372931 3.000835
1493818454033 9.95375 1.0689248 3.1185145
1493818454241 7.982613 -1.5298374 2.6772153
1493818454437 9.4241905 0.17651969 5.3642373
1493818454642 7.4628606 -2.5791488 2.991028
1493818454835 9.375157 -0.60801226 3.079288
1493818455044 9.95375 -0.17651969 3.216581
1493818455236 9.002504 -1.6769371 3.0302548
1493818455433 10.630408 -0.6276256 1.9515233
1493818455638 8.188553 -1.6769371 1.5984839
1493818455833 11.189387 -1.7553903 0.2941995
1493818456044 10.551955 -0.2549729 0.97085834
1493818456236 7.472667 -1.4709975 0.8139519
1493818456443 12.150439 -1.7848103 1.2356379
1493818456638 7.482474 -1.3827376 0.7747253
1493818456840 11.336487 -0.6668522 0.588399
1493818457037 12.719225 0.60801226 -0.40207264
1493818457247 6.668522 -0.49033248 -0.16671304
1493818457441 12.228892 -1.2552512 -0.2353596
1493818457640 6.864655 -2.4124358 1.5788707
1493818457846 10.630408 -2.6183755 0.71588546
1493818458039 11.817013 -1.3827376 0.65704554
1493818458240 7.404021 -1.99075 0.6766588
1493818458446 12.699612 -0.5393657 0.49033248
1493818458646 8.835792 -1.5690639 -0.0196133
1493818458855 9.522257 -1.6867437 -0.7649187
1493818459047 12.317152 0.97085834 -0.10787315
1493818459247 6.2566423 -0.69627213 -0.17651969
1493818459450 12.179859 0.97085834 0.0784532
1493818459646 8.316039 -0.8237586 0.6766588
1493818459852 8.943665 -0.97085834 -0.1176798
1493818460047 14.160802 -0.2353596 -1.0689248
1493818460255 6.187996 -0.00980665 -0.7649187
1493818460451 11.807206 -0.2549729 -0.7256921
1493818460665 8.649466 0.00980665 -0.8041453
1493818460854 8.306232 -1.1375713 -0.8237586
1493818461059 14.386355 0.2549729 0.48052585
1493818461259 6.8548484 0.10787315 -0.2745862
1493818461463 11.53262 -0.26477954 -0.9904716
1493818461655 10.120462 2.490889 0.3334261
1493818461850 8.1983595 -1.343511 -0.98066497
1493818462057 14.1706085 0.2353596 -0.7256921
1493818462251 8.306232 0.75511205 -0.7649187
1493818462466 9.306511 0.7354987 -0.6668522
1493818462659 11.228614 0.5982056 -0.26477954
1493818462853 7.0411744 -1.6475172 -0.0784532
1493818463056 13.533176 0.2353596 -0.9120184
1493818463260 9.071151 0.55897903 -1.4513842
1493818463469 7.6884136 -0.2157463 -0.56878567
1493818463661 13.033037 0.84337187 -0.5491724
1493818463859 6.972528 -1.343511 -0.6766588
1493818464062 12.209279 -0.42168593 -1.0493115
1493818464258 10.728475 1.735777 -1.2846711
1493818464467 7.139241 -0.6864655 -0.42168593
1493818464666 13.425303 1.2062179 -0.7256921
1493818464860 7.9728065 -1.3533176 -0.12748645
1493818465083 11.718946 -0.6472389 -0.6472389
1493818465269 11.875853 1.735777 -0.88259846
1493818465496 6.5312285 -0.6276256 0.24516624
1493818465682 12.993811 2.7850885 -1.7259704
1493818465886 7.305954 -0.6766588 -0.0784532
1493818466084 9.218251 -0.97085834 -0.7354987
1493818466274 15.612186 0.55897903 -2.6477954
1493818466487 5.6976633 -0.56878567 -0.17651969
1493818466675 11.2384205 -0.20593965 -1.4415776
1493818466885 10.100849 0.49033248 0.46091253
1493818467075 6.7862015 -0.7649187 -0.84337187
1493818467285 12.817291 -0.02941995 -1.1964113
1493818467476 10.061623 0.5982056 -1.1571847
1493818467681 7.590347 -0.84337187 -0.1372931
1493818467881 13.680277 0.8237586 -0.8139519
1493818468079 5.521144 -1.4317709 0.42168593
1493818468281 13.288011 -1.6475172 -0.39226598
1493818468478 9.738003 0.89240515 -0.71588546
1493818468686 6.894075 -0.51975244 -0.4314926
1493818468878 13.474337 1.5984839 -2.3045628
1493818469073 8.296426 -0.6766588 0.35303938
1493818469280 8.600431 -1.539644 2.1182363
1493818469477 13.631243 -0.8139519 1.9515233
1493818469683 6.7273617 -2.0299766 1.8436501
1493818469879 10.071429 -2.912575 3.4813607
1493818470084 8.639658 -0.2745862 1.8338435
1493818470293 8.1101 -2.2359161 1.2258313
1493818470485 14.317709 1.0493115 1.2748644
1493818470695 7.5118937 -0.16671304 0.14709975
1493818470888 10.551955 0.39226598 1.2944778
1493818471096 10.620602 1.1964113 0.5001391
1493818471290 8.031646 -1.4023509 -1.2650578
1493818471497 13.209558 -0.02941995 -0.55897903
1493818471691 8.541592 -0.12748645 -1.2356379
1493818471885 8.718112 0.0588399 -0.9904716
1493818472099 10.963835 1.2650578 -0.588399
1493818472286 7.7472534 -1.4023509 -1.343511
1493818472494 12.768258 0.02941995 -2.1476562
1493818472689 8.090487 0.9610517 -1.6573238
1493818472900 8.551398 -0.40207264 -1.5298374
1493818473092 13.748923 -0.0196133 -1.5494506
1493818473290 5.903603 -1.6965504 -0.2353596
1493818473492 11.67972 -0.46091253 -0.6472389
1493818473692 10.806928 1.6671305 -1.5886773
1493818473899 7.2667274 -1.147378 0.3334261
1493818474092 12.621159 1.3337044 -1.5004175
1493818474301 9.2378645 -0.97085834 -0.06864655
1493818474492 9.610517 -1.5788707 -0.61781895
1493818474704 11.924886 1.7161638 -1.2846711
1493818474895 6.266449 -1.0002782 -0.0196133
1493818475092 11.405133 -0.2157463 -1.0493115
1493818475303 9.071151 -0.55897903 0.1372931
1493818475494 8.639658 -0.84337187 -0.5099458
1493818475701 15.288567 -0.10787315 -1.2944778
1493818475907 6.129156 -0.588399 0.049033247
1493818476102 12.346572 0.36284605 -1.1179581
1493818476298 9.89491 2.0790098 0.2353596
1493818476500 7.9041595 -1.4121575 -0.69627213
1493818476699 13.72931 -0.19613299 0.12748645
1493818476902 7.5511203 0.5099458 -0.46091253
1493818477100 9.2378645 -1.1375713 -0.8041453
1493818477303 11.3561 1.4219642 -0.8139519
1493818477506 7.139241 -1.6475172 -0.97085834
1493818477709 12.562319 -0.39226598 -0.2157463
1493818477916 9.365351 0.60801226 -0.2157463
1493818478122 8.345459 -0.61781895 -0.0588399
1493818478318 13.37627 -0.16671304 -0.9414384
1493818478527 6.9627213 -1.5690639 -0.10787315
1493818478720 13.856796 -0.3334261 0.0
1493818478916 10.149882 1.1669914 -1.176798
1493818479123 8.767145 -0.7256921 0.12748645
1493818479323 13.768537 -0.12748645 -1.3533176
1493818479510 7.1588545 -1.5984839 -0.17651969
1493818479724 11.67972 -0.40207264 -0.26477954
1493818479911 12.052373 2.5105023 -1.0591182
1493818480123 6.4527755 -1.5886773 0.97085834
1493818480314 13.180138 2.3437893 -1.5886773
1493818480525 7.737447 -0.7354987 -0.39226598
1493818480716 9.934136 -1.0493115 -1.2062179
1493818480924 11.41494 2.5693421 -1.3827376
1493818481123 6.4723887 -0.951245 0.0588399
1493818481326 13.003617 1.5200307 -1.7455837
1493818481525 9.228058 -1.2552512 0.5099458
1493818481723 10.365629 -1.0787314 -1.147378
1493818481924 11.228614 2.8439283 -1.8436501
1493818482122 6.6194887 -0.5001391 -0.30400613
1493818482324 12.572125 1.3533176 -0.28439283
1493818482518 9.169217 -0.8531785 0.6472389
1493818482740 9.365351 -1.2160245 -0.48052585
1493818482922 13.062457 1.8240368 -1.3238977
1493818483138 6.266449 -0.89240515 0.5001391
1493818483322 11.973919 -0.2157463 -0.9414384
1493818483529 8.982891 -0.37265268 0.9904716
1493818483725 7.72764 -0.951245 -0.61781895
1493818483931 14.1706085 -0.088259846 -1.3631244
1493818484129 6.492002 -1.3337044 -0.1372931
1493818484343 11.493394 -0.17651969 -1.0100849
1493818484529 10.904995 0.088259846 1.7750036
1493818484736 7.6001534 -0.4118793 -0.9610517
1493818484932 14.111769 0.7256921 -1.2552512
1493818485138 6.766588 -0.4314926 -0.48052585
1493818485336 10.767701 0.0196133 -1.1179581
1493818485527 10.904995 1.2748644 -0.1569064
1493818485739 5.903603 -0.8139519 -0.5295591
1493818485930 13.3174305 1.176798 -1.3533176
1493818486137 8.443525 -0.06864655 -0.7747253
1493818486330 8.678885 0.12748645 -1.2454445
1493818486543 9.796844 0.84337187 -0.83356524
1493818486731 6.9921412 -1.0885382 -0.5001391
1493818486932 12.787871 0.39226598 -0.74530536
1493818487134 8.639658 0.049033247 -0.98066497
1493818487334 7.305954 -0.088259846 -0.65704554
1493818487540 14.347129 -0.5099458 -0.7747253
1493818487741 6.835235 -1.1866046 -0.26477954
1493818487951 13.111491 -1.3337044 -0.4118793
1493818488136 10.502922 1.706357 -0.46091253
1493818488340 6.0703163 -2.186883 1.7455837
1493818488538 13.768537 0.5001391 0.5982056
1493818488742 7.5511203 -0.9610517 -0.02941995
1493818488966 12.9447775 -0.70607877 0.32361946
1493818489150 11.522814 1.6180972 -0.36284605
1493818489369 8.502365 -1.2258313 0.1372931
1493818489548 12.2779255 -0.2353596 1.6180972
1493818489752 7.050981 -2.6183755 1.735777
1493818489947 9.757616 -2.1182363 2.6477954
1493818490143 11.993532 0.2549729 -0.2745862
1493818490357 7.100014 -0.1569064 -0.02941995
1493818490548 13.023231 2.2359161 1.2454445
1493818490751 8.561205 -0.7747253 0.9022118
1493818490948 9.45361 -1.8044236 1.0493115
1493818491154 12.787871 0.20593965 -0.2157463
1493818491363 5.3544307 -1.6279038 0.37265268
1493818491555 12.670192 -0.30400613 0.5491724
1493818491756 7.913966 -0.46091253 1.93191
1493818491960 9.48303 -1.0493115 0.7354987
1493818492158 13.964669 1.3140911 -0.57859236
1493818492364 6.1683826 -1.0689248 0.38245934
1493818492555 12.817291 1.0002782 -0.14709975
1493818492765 8.404299 0.049033247 0.6472389
1493818492963 9.581097 -0.6864655 0.5393657
1493818493170 13.05265 -0.78453195 0.06864655
1493818493364 5.9428296 0.2353596 -0.40207264
1493818493554 10.620602 -0.02941995 -0.42168593
1493818493764 9.60071 1.343511 0.8629852
1493818493955 8.247393 -0.69627213 -0.2745862
1493818494188 12.425025 0.6276256 -0.2157463
1493818494357 8.335652 0.4511059 0.1569064
1493818494566 9.4241905 -1.3827376 0.26477954
1493818494761 10.267562 1.0689248 0.30400613
1493818494967 7.6589932 -2.0888164 -0.2353596
1493818495161 13.297817 0.39226598 0.4118793
1493818495369 7.806093 1.1669914 0.0784532
1493818495566 8.1101 -1.1571847 -0.18632634
1493818495761 13.091877 1.1081514 -0.7649187
1493818495966 6.492002 -0.9904716 -0.1372931
1493818496172 13.307624 -0.088259846 -1.7553903
1493818496394 8.531785 0.5982056 -0.38245934
1493818496574 9.0515375 -0.8629852 0.10787315
1493818496767 11.954306 0.46091253 -1.1081514
1493818496979 6.972528 -1.4023509 -0.75511205
1493818497169 12.493671 -0.4707192 -1.2650578
1493818497392 9.179024 0.8041453 -0.6864655
1493818497570 7.1588545 -0.8139519 -0.0588399
1493818497767 14.278482 0.78453195 -1.3925443
1493818497973 6.237029 -1.3631244 -0.30400613
1493818498171 10.836348 0.06864655 -1.0100849
1493818498376 11.777786 2.3143694 -1.2944778
1493818498571 6.2762556 -0.5295591 -0.06864655
1493818498777 13.75873 1.4709975 -1.0002782
1493818498974 6.9823346 -0.97085834 -0.2941995
1493818499175 10.326403 -0.5393657 -0.9610517
1493818499380 12.562319 2.0397832 -1.2356379
1493818499573 5.67805 -0.4118793 -0.4511059
1493818499790 13.474337 1.99075 -1.1669914
1493818499974 9.169217 0.10787315 0.5491724
1493818500201 11.316874 -0.70607877 -0.83356524
1493818500375 13.229171 1.5592573 -1.4219642
1493818500579 5.6682434 -0.39226598 -0.2353596
1493818500778 11.67972 1.0493115 -0.26477954
1493818500979 8.257199 -0.32361946 0.8629852
1493818501178 9.296704 -0.46091253 -0.16671304
1493818501380 13.033037 -0.28439283 -0.89240515
1493818501579 6.109543 -0.2745862 -0.2549729
1493818501801 11.934692 -0.5491724 -0.65704554
1493818501991 10.267562 1.2846711 -0.46091253
1493818502187 8.482752 -1.0591182 -0.70607877
1493818502385 14.1706085 0.42168593 -0.24516624
1493818502583 8.217973 0.20593965 -0.24516624
1493818502800 10.640215 -0.20593965 -0.34323275
1493818503007 10.326403 1.6475172 -0.5295591
1493818503202 6.8744617 -1.6082906 -0.40207264
1493818503394 13.778343 0.22555295 -0.7256921
1493818503602 7.63938 0.06864655 -1.2356379
1493818503796 8.0120325 -0.6472389 -0.6766588
1493818504006 12.611352 0.088259846 -0.14709975
1493818504203 5.9526362 -1.0591182 -0.49033248
1493818504392 12.444638 -0.49033248 -0.9904716
1493818504601 9.698776 0.5982056 -0.93163174
1493818504798 7.1784678 -0.61781895 -0.8041453
1493818505004 13.425303 -0.84337187 -1.0591182
1493818505196 6.639102 -1.9711366 -0.5982056
1493818505405 10.993255 -0.71588546 -1.1375713
1493818505607 11.993532 1.2454445 -1.5298374
1493818505811 5.550564 -1.147378 -0.0784532
1493818506001 13.37627 0.37265268 -0.40207264
1493818506213 9.022118 -0.46091253 0.36284605
1493818506409 10.287175 -0.9022118 -1.6475172
1493818506615 14.572681 2.0593965 -2.1672697
1493818506807 4.962165 -0.9904716 -0.10787315
1493818507014 12.542705 0.9610517 -1.0002782
1493818507214 8.816178 -0.049033247 0.1176798
1493818507418 8.953471 -1.2650578 -0.38245934
1493818507619 15.3179865 0.7747253 -1.8436501
1493818507824 5.8349566 -0.6668522 -0.42168593
1493818508023 12.071986 -0.51975244 -1.3533176
1493818508204 10.591182 0.40207264 0.44129923
1493818508416 7.963 -1.1669914 -0.7256921
1493818508687 12.954584 0.42168593 -1.0395049
1493818508889 6.0605097 -0.46091253 0.0
1493818509076 12.474058 -1.1375713 -0.36284605
1493818509293 7.6589932 -1.4121575 2.0495899
1493818509481 7.835513 -1.93191 0.9904716
1493818509694 14.072542 -0.8237586 0.951245
1493818509889 5.82515 -1.8534569 1.0296983
1493818510094 11.56204 -0.22555295 1.4611908
1493818510310 9.031924 0.02941995 2.3339827
1493818510491 8.659272 -0.5393657 0.32361946
1493818510684 13.49395 0.5491724 1.0885382
1493818510895 7.2078876 -0.79433864 0.9120184
1493818511085 9.0515375 -1.3827376 0.18632634
1493818511296 11.856239 0.5099458 0.89240515
1493818511492 7.806093 -1.5788707 -0.4118793
1493818511682 11.944499 -1.4023509 -0.3138128
1493818511904 9.581097 -0.75511205 0.1569064
1493818512085 6.923495 0.24516624 -0.24516624
1493818512311 14.072542 -0.26477954 0.40207264
1493818512494 7.6589932 -0.8727918 0.5982056
1493818512690 8.924051 -1.1866046 0.5393657
1493818512915 12.268119 0.8727918 -0.6668522
1493818513087 6.6587152 -0.8139519 0.00980665
1493818513292 10.855961 -1.176798 -0.75511205
1493818513498 9.54187 0.049033247 -0.40207264
1493818513691 7.913966 0.06864655 -0.5982056
1493818513916 13.101684 0.088259846 -0.5099458
1493818514097 8.061066 0.5982056 -1.1375713
1493818514289 8.727919 -0.5982056 -0.46091253
1493818514494 14.082349 0.44129923 0.0392266
1493818514701 6.9627213 -0.7354987 -0.5001391
1493818514904 11.365907 -0.8531785 -0.7256921
1493818515093 12.807485 2.7654753 -1.2846711
1493818515328 5.4721107 -0.39226598 0.6766588
1493818515496 12.748645 0.4707192 -0.83356524
1493818515699 8.825985 -0.26477954 2.1574628
1493818515909 8.639658 -0.588399 -0.48052585
1493818516102 14.631521 1.0983448 0.2157463
1493818516302 9.306511 1.539644 -0.2745862
1493818516495 6.580262 -0.6472389 -0.02941995
1493818516697 16.68111 4.4718323 -0.2941995
1493818516900 6.5018086 0.6864655 -0.8629852
1493818517107 10.787314 -0.93163174 -0.2353596
1493818517299 13.719503 3.80498 -1.539644
1493818517501 5.3544307 0.14709975 0.34323275
1493818517700 13.297817 0.2745862 -1.0100849
1493818517900 9.610517 0.02941995 1.2748644
1493818518101 7.4432473 -0.16671304 -1.0296983
1493818518320 11.640493 -0.98066497 0.6472389
1493818518505 8.345459 1.0198916 0.14709975
1493818518721 9.355544 1.2258313 0.44129923
1493818518915 9.89491 0.30400613 -0.4118793
1493818519125 10.708861 0.8531785 -0.37265268
1493818519332 9.60071 0.4314926 -0.93163174
1493818519526 9.963556 -0.28439283 -1.1179581
1493818519723 11.689527 1.735777 -2.824315
1493818519913 9.316318 -2.2261095 0.55897903
1493818520125 11.934692 -0.20593965 -1.7161638
1493818520314 11.826819 -1.4023509 -0.39226598
1493818520525 9.041731 -1.1375713 2.4516625
1493818520722 6.3154826 -1.3042845 3.5107806
1493818520914 6.2272224 -2.9027684 9.208445
1493818521121 5.9134097 -1.735777 8.414105
1493818521316 7.139241 0.4314926 6.0114765
1493818521523 6.541035 0.2353596 7.423634
1493818521721 6.3743224 0.18632634 7.7766733
1493818521932 6.4527755 0.28439283 8.0120325
